0 1
0 2
0 3
0 4
0 5
0 6
0 7
0 8
0 9
0 306
0 307
0 118
1 322
2 10
3 53
4 173
5 259
5 181
5 78
6 113
7 227
7 155
7 235
8 40
9 17
11 12
11 13
11 14
11 84
11 126
12 250
13 238
13 86
13 248
13 286
14 293
14 200
14 297
14 267
15 36
15 40
15 46
15 16
15 21
15 54
15 26
16 321
17 41
17 47
17 18
17 24
17 29
19 25
19 20
21 202
22 328
22 173
22 23
26 164
26 197
26 121
26 186
27 137
27 141
27 49
27 55
27 314
27 28
28 183
30 119
30 37
30 78
30 31
31 264
31 266
31 43
31 173
32 33
32 38
33 179
34 89
34 35
34 39
36 223
38 171
39 94
40 260
40 203
40 246
40 191
42 56
42 43
42 162
42 48
43 90
43 98
44 137
44 50
44 45
44 111
45 277
45 310
46 74
46 188
47 190
48 137
49 191
51 57
51 202
51 52
52 148
53 67
53 76
53 60
53 317
53 319
57 164
57 61
57 68
58 59
58 62
59 323
62 296
63 64
63 319
63 317
63 79
64 320
65 218
65 66
65 71
66 141
66 308
66 283
66 253
68 153
68 91
68 93
69 75
69 70
71 269
71 310
71 155
71 158
72 73
72 145
72 142
72 310
74 202
77 96
77 105
77 170
77 139
77 78
77 125
77 158
78 326
79 162
80 120
80 97
80 81
81 202
81 288
81 197
82 98
82 83
82 111
83 103
83 308
83 279
83 219
84 116
84 85
84 310
84 308
85 311
86 162
86 99
86 87
86 218
86 127
87 154
88 112
88 89
88 218
88 100
89 317
89 176
90 131
90 179
90 308
91 92
92 284
92 317
93 148
94 123
94 95
96 269
96 275
96 326
97 152
98 115
98 314
99 219
100 170
100 322
101 102
102 162
103 104
103 203
103 223
105 106
106 171
106 110
106 156
106 124
107 108
107 109
107 143
107 180
107 153
107 126
108 311
109 144
109 308
109 110
110 258
110 139
111 112
111 218
113 152
113 219
113 128
114 129
114 162
114 115
114 188
115 325
116 122
116 125
116 151
117 130
117 174
117 118
118 250
119 131
121 134
121 122
124 202
125 164
125 235
126 132
126 137
126 251
127 308
127 214
128 254
131 257
131 226
132 204
132 133
135 152
135 136
135 166
135 176
136 177
136 323
136 253
137 199
137 138
137 142
137 216
138 165
138 198
138 206
138 174
138 310
138 187
140 250
140 155
140 212
140 141
141 310
141 214
142 205
142 143
142 311
143 230
144 265
145 234
145 157
146 147
146 159
147 234
147 311
149 160
149 172
149 150
152 161
153 209
153 218
153 223
154 325
154 326
154 167
154 175
154 189
155 308
158 326
158 211
158 217
161 165
161 173
162 163
162 231
162 174
163 183
164 225
164 185
164 196
164 208
164 209
165 258
165 166
167 168
168 169
168 250
168 260
169 316
171 226
171 239
173 322
173 261
173 283
174 220
175 294
177 178
177 254
178 192
179 326
180 239
181 182
182 209
183 184
184 202
185 323
186 317
187 304
187 305
187 212
190 224
190 200
190 207
190 215
191 250
191 207
192 193
193 320
194 201
194 195
195 319
196 325
198 265
199 232
199 268
199 274
199 280
199 281
199 285
202 214
202 246
203 212
203 204
204 233
204 218
205 213
206 301
209 210
211 283
212 289
212 313
213 313
213 302
214 304
218 260
218 267
218 243
219 322
219 323
219 247
221 232
221 222
223 313
223 311
227 287
228 244
228 229
229 230
230 240
230 313
233 310
234 252
236 245
236 237
240 255
241 249
241 242
242 288
242 291
242 329
244 314
244 286
250 255
250 265
250 280
250 251
254 261
255 262
256 328
256 257
256 323
256 263
260 292
264 328
265 286
268 310
270 282
270 276
270 271
271 295
272 273
272 301
272 278
279 313
280 303
280 301
287 290
287 292
287 316
292 313
294 298
295 299
296 300
302 308
303 310
308 309
311 312
314 315
317 318
318 320
323 324
326 327
329 331
329 330
