0 107
0 12
0 14
0 111
0 18
0 55
0 93
0 30
1 95
2 70
2 48
2 50
2 51
2 21
2 22
2 62
3 25
3 20
3 14
3 23
4 44
4 5
4 46
6 99
7 8
7 99
8 64
8 97
8 33
8 42
8 43
8 13
8 78
8 48
8 50
8 85
8 22
8 60
9 56
9 62
9 63
10 38
10 86
11 82
12 103
12 107
12 13
12 14
12 111
12 18
12 50
12 93
12 55
12 92
12 61
12 30
13 107
13 14
13 18
13 93
13 30
14 18
15 88
15 56
15 35
16 50
16 22
17 74
17 19
17 29
17 46
18 101
18 103
18 105
18 107
18 111
18 112
18 55
18 92
18 93
18 30
19 74
19 75
19 46
21 70
21 110
21 50
21 53
21 62
22 97
22 69
22 70
22 41
22 42
22 110
22 48
22 50
22 85
22 54
22 62
23 49
23 25
24 72
24 74
24 34
25 49
25 37
26 110
27 59
28 60
28 79
30 107
30 111
30 55
30 93
31 104
31 32
32 104
33 64
33 78
33 80
33 60
34 74
35 56
35 49
35 36
38 86
39 86
40 91
40 108
40 46
40 47
40 82
40 52
40 89
40 90
40 59
41 70
41 48
41 50
41 85
41 62
42 97
42 98
42 70
42 110
42 48
42 50
42 85
42 54
44 65
44 67
44 45
44 113
44 94
45 65
45 113
45 94
46 47
46 52
46 89
46 91
47 89
47 91
48 64
48 97
48 70
48 78
48 50
48 85
48 62
49 59
50 97
50 98
50 70
50 110
50 51
50 85
50 62
51 82
51 114
52 89
52 91
53 62
53 106
53 70
54 85
55 107
55 111
55 93
56 67
56 100
56 102
56 74
56 109
56 88
56 63
57 74
57 76
58 76
59 89
59 91
60 64
60 72
60 78
60 79
60 62
62 70
62 72
63 79
64 77
64 78
64 80
65 67
65 113
65 94
66 92
66 71
67 109
68 81
70 110
71 92
72 79
72 83
72 84
73 109
74 76
77 80
77 78
78 80
78 85
82 108
82 89
83 84
85 97
87 96
89 91
89 108
89 90
90 91
92 93
93 103
93 107
94 113
107 111
