0 1
0 3
0 5
0 6
0 7
0 8
0 11
0 13
0 16
0 19
0 23
0 24
0 27
0 28
0 40
0 45
0 48
1 3
1 5
1 9
1 13
1 15
1 17
1 19
1 23
1 31
1 32
1 35
1 39
1 40
1 43
2 8
2 12
2 15
2 27
2 29
2 30
2 31
2 40
2 48
3 5
3 8
3 16
3 25
3 29
3 35
3 36
3 39
3 45
3 49
4 6
4 7
4 14
4 18
4 22
4 23
4 32
4 33
4 42
4 46
5 12
5 13
5 14
5 19
5 20
5 32
5 33
5 34
5 36
5 37
5 38
5 39
5 42
5 43
5 44
5 46
5 47
6 13
6 14
6 20
6 25
6 27
6 28
6 29
6 33
6 36
6 40
6 41
6 42
6 47
6 49
7 9
7 10
7 19
7 33
7 36
7 39
7 40
7 42
8 12
8 18
8 36
8 39
8 46
9 10
9 16
9 19
9 20
9 21
9 24
9 28
9 32
9 33
9 35
9 36
9 40
9 43
9 44
10 12
10 13
10 14
10 15
10 16
10 30
10 34
10 38
10 49
11 16
11 18
11 21
11 23
11 26
11 31
11 38
11 42
11 47
12 20
12 22
12 24
12 27
12 31
12 34
12 35
12 41
12 43
12 44
12 45
12 46
12 47
13 14
13 16
13 17
13 24
13 25
13 26
13 27
13 29
13 30
13 31
13 32
13 42
13 48
14 17
14 19
14 20
14 25
14 26
14 28
14 32
14 35
14 36
14 37
14 41
14 42
15 20
15 21
15 23
15 25
15 27
15 31
15 33
15 35
15 37
15 40
15 44
15 47
15 48
16 21
16 24
16 25
16 27
16 31
16 34
16 37
16 38
16 39
16 40
16 43
16 44
16 45
16 47
17 19
17 22
17 25
17 27
17 30
17 31
17 33
17 34
17 35
17 38
17 39
17 40
17 41
17 44
17 49
18 27
18 32
18 40
18 43
18 44
18 46
19 20
19 22
19 26
19 27
19 33
20 23
20 24
20 25
20 26
20 28
20 29
20 32
20 34
20 39
20 42
20 46
20 49
21 22
21 23
21 33
21 36
21 38
21 40
21 47
21 48
22 23
22 24
22 25
22 26
22 34
22 40
22 41
23 24
23 25
23 35
23 36
23 37
23 40
23 42
23 44
23 45
23 48
24 27
24 29
24 33
24 34
24 39
24 41
24 44
25 28
25 29
25 33
25 40
25 43
25 45
25 46
25 48
26 38
26 39
26 42
26 44
27 30
27 32
27 34
27 38
27 43
27 44
27 46
27 47
27 48
27 49
28 31
28 33
28 35
28 38
28 43
28 44
28 46
28 47
28 48
29 31
29 33
29 36
29 45
29 47
29 49
30 32
30 34
30 38
30 44
30 46
30 49
31 33
31 35
31 36
31 38
31 45
31 48
32 35
32 36
32 37
32 38
32 40
32 42
32 43
32 44
32 45
32 47
33 35
33 39
33 40
33 41
33 43
33 44
34 35
34 42
34 43
34 44
35 36
35 42
35 46
35 48
36 38
36 39
36 40
36 41
36 47
37 40
37 43
38 39
38 40
38 43
38 46
38 47
38 49
39 43
39 45
39 46
39 49
40 42
40 47
40 49
41 42
41 45
41 46
41 49
43 47
43 49
44 46
44 47
44 48
45 47
46 47
46 49
