0 3
0 4
0 5
0 10
0 17
0 21
0 26
0 28
0 30
0 31
0 33
0 35
0 38
0 44
0 49
0 50
0 51
0 52
0 61
0 71
0 79
0 82
0 84
0 87
0 93
0 99
1 3
1 4
1 5
1 7
1 9
1 10
1 17
1 28
1 33
1 39
1 49
1 52
1 56
1 65
1 66
1 68
1 73
1 75
1 78
1 80
1 83
1 86
1 88
1 91
1 92
1 95
1 96
1 98
2 3
2 7
2 8
2 10
2 11
2 18
2 19
2 21
2 24
2 29
2 35
2 36
2 39
2 40
2 41
2 43
2 45
2 46
2 49
2 55
2 56
2 59
2 67
2 69
2 71
2 72
2 78
2 79
2 81
2 87
2 88
2 89
2 90
2 92
2 96
2 97
2 99
3 4
3 6
3 9
3 11
3 20
3 21
3 24
3 25
3 29
3 32
3 38
3 39
3 49
3 50
3 51
3 52
3 55
3 56
3 57
3 73
3 78
3 82
3 84
3 87
3 93
4 15
4 19
4 21
4 22
4 29
4 30
4 36
4 37
4 41
4 45
4 46
4 47
4 53
4 55
4 57
4 58
4 73
4 74
4 76
4 82
4 83
4 85
4 92
4 93
4 94
4 97
4 99
5 7
5 11
5 12
5 17
5 21
5 24
5 28
5 29
5 33
5 41
5 44
5 51
5 52
5 53
5 58
5 66
5 69
5 70
5 71
5 73
5 77
5 79
5 85
5 88
5 91
5 96
5 99
6 7
6 10
6 12
6 16
6 18
6 24
6 25
6 30
6 32
6 34
6 35
6 42
6 43
6 44
6 45
6 48
6 51
6 53
6 55
6 63
6 80
6 82
6 94
6 97
7 8
7 12
7 13
7 15
7 16
7 23
7 25
7 26
7 27
7 31
7 36
7 40
7 42
7 44
7 50
7 52
7 56
7 57
7 59
7 60
7 61
7 63
7 66
7 80
7 89
7 92
7 97
7 98
7 99
8 22
8 25
8 26
8 36
8 42
8 43
8 47
8 48
8 49
8 51
8 52
8 54
8 55
8 62
8 75
8 77
8 90
9 10
9 15
9 19
9 23
9 27
9 30
9 32
9 34
9 42
9 43
9 49
9 51
9 52
9 53
9 57
9 58
9 59
9 61
9 64
9 65
9 68
9 76
9 77
9 80
9 82
9 88
9 89
9 96
10 11
10 12
10 16
10 20
10 22
10 27
10 35
10 42
10 44
10 51
10 52
10 58
10 60
10 61
10 62
10 64
10 69
10 70
10 73
10 81
10 84
10 89
10 93
10 94
10 97
10 98
10 99
11 17
11 24
11 27
11 29
11 30
11 34
11 35
11 36
11 37
11 39
11 45
11 47
11 53
11 55
11 58
11 61
11 71
11 73
11 76
11 78
11 79
11 81
11 84
11 85
11 86
11 88
11 90
11 91
11 92
11 95
11 96
11 99
12 13
12 14
12 22
12 30
12 34
12 37
12 38
12 41
12 42
12 48
12 50
12 58
12 59
12 65
12 66
12 68
12 70
12 71
12 76
12 79
12 83
12 84
12 87
12 90
12 94
12 95
13 14
13 17
13 18
13 23
13 25
13 27
13 28
13 29
13 31
13 32
13 36
13 37
13 38
13 39
13 43
13 44
13 45
13 50
13 51
13 54
13 58
13 67
13 69
13 71
13 79
13 80
13 84
13 87
13 88
13 90
13 91
14 20
14 22
14 23
14 26
14 29
14 38
14 39
14 43
14 44
14 46
14 47
14 51
14 52
14 53
14 60
14 68
14 69
14 76
14 80
14 81
14 83
14 84
14 85
14 86
14 89
14 90
14 92
14 95
15 19
15 21
15 27
15 29
15 36
15 37
15 38
15 39
15 46
15 47
15 48
15 52
15 57
15 60
15 61
15 69
15 70
15 74
15 76
15 78
15 80
15 82
15 85
15 92
15 95
16 24
16 26
16 28
16 31
16 40
16 43
16 53
16 54
16 59
16 60
16 61
16 63
16 64
16 68
16 69
16 76
16 82
16 84
16 86
16 89
16 92
16 95
16 96
16 98
16 99
17 23
17 25
17 31
17 34
17 36
17 37
17 40
17 41
17 44
17 45
17 46
17 52
17 54
17 64
17 70
17 75
17 80
17 82
17 84
17 87
17 91
17 93
17 94
17 99
18 21
18 25
18 26
18 27
18 29
18 30
18 32
18 34
18 37
18 40
18 43
18 45
18 53
18 57
18 60
18 61
18 62
18 65
18 66
18 68
18 69
18 77
18 81
18 84
18 87
18 99
19 20
19 29
19 31
19 37
19 38
19 41
19 45
19 46
19 47
19 50
19 53
19 59
19 60
19 61
19 62
19 64
19 65
19 68
19 74
19 82
19 85
19 91
19 94
20 23
20 25
20 28
20 30
20 36
20 37
20 38
20 43
20 44
20 46
20 48
20 50
20 51
20 54
20 55
20 57
20 61
20 64
20 66
20 67
20 69
20 71
20 79
20 80
20 89
20 94
20 97
21 32
21 36
21 38
21 39
21 41
21 44
21 45
21 46
21 47
21 48
21 49
21 51
21 52
21 55
21 60
21 63
21 65
21 70
21 75
21 76
21 79
21 86
21 87
21 89
21 95
22 36
22 37
22 40
22 42
22 44
22 45
22 48
22 51
22 55
22 56
22 57
22 60
22 65
22 69
22 78
22 79
22 80
22 85
22 89
22 92
22 95
23 29
23 32
23 33
23 34
23 37
23 46
23 48
23 53
23 56
23 69
23 70
23 71
23 74
23 78
23 80
23 89
23 93
24 27
24 31
24 32
24 38
24 48
24 52
24 54
24 56
24 59
24 60
24 61
24 67
24 68
24 69
24 71
24 72
24 76
24 77
24 80
24 83
24 88
24 93
24 97
24 98
25 27
25 28
25 29
25 36
25 37
25 44
25 46
25 50
25 55
25 58
25 66
25 67
25 69
25 70
25 71
25 75
25 76
25 80
25 86
25 93
25 94
25 96
26 28
26 30
26 31
26 33
26 37
26 41
26 46
26 48
26 56
26 58
26 61
26 62
26 69
26 70
26 81
26 82
26 88
26 90
26 91
26 98
26 99
27 28
27 29
27 30
27 34
27 41
27 42
27 45
27 46
27 52
27 53
27 59
27 63
27 67
27 68
27 70
27 71
27 74
27 75
27 76
27 79
27 80
27 81
27 84
27 86
27 87
27 91
27 92
27 93
27 99
28 29
28 31
28 35
28 37
28 40
28 47
28 54
28 59
28 63
28 68
28 70
28 76
28 81
28 86
28 87
29 30
29 36
29 38
29 45
29 49
29 51
29 53
29 55
29 57
29 62
29 63
29 66
29 74
29 90
29 93
29 94
29 98
30 33
30 35
30 36
30 39
30 41
30 51
30 52
30 53
30 54
30 55
30 63
30 64
30 68
30 73
30 81
30 82
30 84
30 86
30 90
30 91
30 95
30 97
31 35
31 36
31 38
31 39
31 49
31 56
31 59
31 63
31 68
31 70
31 71
31 72
31 84
31 87
31 98
32 34
32 36
32 37
32 38
32 39
32 41
32 42
32 43
32 46
32 47
32 49
32 50
32 53
32 54
32 55
32 60
32 61
32 63
32 65
32 66
32 67
32 74
32 76
32 77
32 82
32 84
32 86
32 95
32 96
33 34
33 36
33 39
33 42
33 46
33 53
33 57
33 58
33 61
33 68
33 75
33 82
33 85
33 93
33 95
33 96
33 97
33 98
34 38
34 39
34 40
34 43
34 45
34 46
34 49
34 53
34 56
34 58
34 61
34 64
34 67
34 69
34 73
34 76
34 78
34 80
34 82
34 84
34 87
34 89
34 90
34 99
35 36
35 37
35 42
35 43
35 45
35 47
35 48
35 49
35 54
35 55
35 57
35 61
35 69
35 71
35 72
35 73
35 76
35 84
35 92
35 93
35 96
35 97
35 99
36 37
36 38
36 41
36 49
36 51
36 56
36 58
36 63
36 65
36 67
36 68
36 74
36 77
36 84
36 96
37 45
37 46
37 53
37 54
37 56
37 59
37 60
37 61
37 63
37 67
37 68
37 71
37 73
37 76
37 87
37 93
37 95
37 97
38 39
38 40
38 41
38 46
38 50
38 52
38 54
38 56
38 59
38 62
38 63
38 64
38 66
38 68
38 75
38 77
38 83
38 88
38 97
39 41
39 51
39 55
39 56
39 59
39 60
39 63
39 65
39 73
39 74
39 85
39 87
39 88
39 91
39 93
39 94
39 98
40 41
40 43
40 44
40 48
40 51
40 53
40 54
40 56
40 57
40 59
40 60
40 61
40 62
40 66
40 68
40 71
40 75
40 78
40 82
40 89
40 90
40 93
40 94
41 44
41 46
41 51
41 53
41 59
41 64
41 65
41 69
41 70
41 75
41 76
41 82
41 84
41 88
41 90
41 91
41 93
41 95
41 98
41 99
42 43
42 49
42 59
42 62
42 67
42 68
42 69
42 71
42 79
42 84
42 85
42 88
42 90
42 91
43 48
43 53
43 59
43 60
43 61
43 67
43 68
43 69
43 75
43 86
43 92
43 93
43 94
43 95
43 97
43 98
44 46
44 51
44 53
44 57
44 58
44 69
44 70
44 82
44 86
44 87
44 90
44 97
45 49
45 51
45 54
45 58
45 62
45 68
45 69
45 72
45 74
45 75
45 76
45 77
45 82
45 86
45 87
45 91
45 92
45 93
45 94
45 95
45 97
45 98
46 63
46 64
46 65
46 66
46 68
46 72
46 77
46 81
46 82
46 94
47 49
47 50
47 51
47 52
47 61
47 62
47 64
47 72
47 82
47 84
47 94
47 99
48 55
48 56
48 61
48 63
48 64
48 67
48 70
48 71
48 77
48 83
48 92
48 94
49 54
49 55
49 56
49 63
49 70
49 73
49 83
49 86
49 90
49 93
50 51
50 52
50 57
50 61
50 62
50 81
50 84
50 87
50 91
50 95
50 98
51 56
51 60
51 69
51 70
51 72
51 73
51 74
51 75
51 76
51 82
51 90
51 94
51 98
51 99
52 54
52 55
52 57
52 59
52 62
52 72
52 81
52 83
52 85
52 87
52 89
52 92
52 93
52 94
53 55
53 56
53 58
53 59
53 62
53 67
53 68
53 70
53 74
53 76
53 78
53 79
53 80
53 85
53 88
53 94
53 95
53 96
53 97
54 55
54 56
54 57
54 59
54 61
54 65
54 69
54 77
54 79
54 80
54 82
54 83
54 88
54 90
54 94
54 96
55 57
55 60
55 63
55 65
55 68
55 81
55 83
55 85
55 86
55 93
55 96
56 75
56 76
56 77
56 78
56 81
56 82
56 83
56 84
56 85
56 87
56 90
56 91
57 59
57 61
57 66
57 69
57 73
57 77
57 79
57 80
57 86
57 87
57 88
57 89
57 91
57 94
57 95
57 96
58 59
58 66
58 67
58 69
58 74
58 85
58 90
58 91
58 93
58 99
59 60
59 63
59 66
59 68
59 71
59 73
59 74
59 75
59 77
59 87
59 91
59 92
59 94
60 69
60 70
60 72
60 74
60 76
60 77
60 81
60 82
60 87
60 88
60 92
60 95
60 96
61 62
61 66
61 72
61 73
61 85
61 88
61 89
61 95
61 97
61 99
62 64
62 65
62 69
62 73
62 76
62 78
62 79
62 80
62 84
62 91
62 94
62 98
63 78
63 79
63 81
63 83
63 84
63 89
63 93
63 99
64 73
64 76
64 77
64 80
64 81
64 88
65 82
65 83
65 87
65 88
65 90
65 91
65 92
65 95
65 97
65 98
66 75
66 84
66 91
66 94
67 68
67 70
67 71
67 72
67 73
67 82
67 84
67 90
67 97
67 99
68 71
68 73
68 76
68 80
68 86
68 88
68 92
68 94
68 95
68 98
69 70
69 72
69 74
69 79
69 81
69 86
69 89
69 97
69 99
70 74
70 78
70 82
70 89
70 91
70 93
70 94
70 99
71 72
71 73
71 75
71 77
71 82
71 91
71 94
71 96
72 74
72 80
72 81
72 82
72 96
72 99
73 75
73 79
73 80
73 81
73 83
73 86
73 92
73 95
73 96
73 97
74 75
74 76
74 78
74 79
74 85
74 90
74 91
74 92
74 93
74 95
75 76
75 77
75 86
75 87
75 92
75 99
76 78
76 80
76 81
76 90
76 93
76 96
76 99
77 84
77 87
77 88
77 90
77 91
77 96
78 82
78 84
78 85
78 90
78 97
79 87
79 90
79 92
79 94
79 95
80 82
80 85
80 88
80 90
80 92
80 97
81 84
81 88
81 95
81 96
81 97
81 98
82 84
82 85
82 88
82 91
82 93
82 94
82 96
82 97
83 85
83 91
83 92
83 93
83 99
84 85
84 86
84 90
84 94
85 94
85 99
86 87
86 88
86 89
86 92
87 89
87 91
87 93
87 94
87 95
87 96
87 97
87 98
88 90
88 93
88 94
88 96
88 97
88 98
89 92
89 94
89 95
90 99
91 96
91 97
92 95
92 97
92 99
93 96
93 98
93 99
94 97
94 98
96 97
96 99
