0 1
0 9
0 13
0 22
0 23
0 24
0 28
0 32
0 33
0 38
0 40
0 42
0 44
0 48
1 5
1 7
1 8
1 12
1 13
1 26
1 27
1 28
1 37
1 40
1 42
1 44
1 48
1 49
2 4
2 7
2 8
2 10
2 14
2 15
2 16
2 18
2 20
2 23
2 27
2 33
2 39
2 45
3 5
3 7
3 9
3 15
3 17
3 19
3 22
3 29
3 31
3 38
3 42
3 45
3 48
4 5
4 7
4 10
4 17
4 20
4 24
4 29
4 32
4 33
4 40
4 47
4 49
5 15
5 17
5 18
5 34
5 36
5 42
5 43
5 44
6 23
6 24
6 25
6 29
6 31
6 33
6 37
6 42
6 45
6 46
7 8
7 10
7 13
7 18
7 30
7 34
7 41
7 42
7 44
7 49
8 11
8 12
8 14
8 15
8 16
8 18
8 20
8 23
8 24
8 27
8 32
8 34
8 41
8 45
8 49
9 15
9 18
9 19
9 20
9 21
9 23
9 29
9 41
9 42
9 44
9 45
9 48
10 11
10 12
10 14
10 15
10 17
10 18
10 20
10 22
10 23
10 24
10 28
10 34
10 38
10 44
11 14
11 18
11 21
11 24
11 25
11 34
11 36
11 38
11 39
11 41
11 43
11 44
11 46
11 47
12 13
12 21
12 31
12 34
12 35
12 43
12 45
12 49
13 18
13 19
13 24
13 25
13 32
13 35
13 36
13 45
13 46
14 15
14 16
14 18
14 20
14 21
14 28
14 30
14 31
14 33
14 38
14 40
14 46
14 47
14 49
15 17
15 19
15 21
15 23
15 28
15 32
15 33
15 36
15 38
15 43
15 49
16 18
16 21
16 22
16 26
16 28
16 31
16 35
16 39
16 40
16 41
16 42
16 43
17 20
17 21
17 22
17 23
17 31
17 34
17 35
17 36
17 37
17 41
17 42
17 43
17 44
17 46
17 48
18 20
18 23
18 29
18 39
18 41
18 44
18 46
18 49
19 21
19 28
19 31
19 34
19 35
19 36
19 37
19 42
19 44
20 22
20 27
20 30
20 32
20 34
20 39
20 40
20 41
20 45
20 46
21 22
21 23
21 25
21 26
21 30
21 32
21 35
21 40
21 43
21 46
22 29
22 31
22 35
22 38
22 40
22 41
22 43
22 44
22 48
23 28
23 32
23 33
23 34
23 35
23 37
23 39
23 43
23 44
23 46
23 47
24 33
24 35
24 39
24 40
24 41
24 42
24 46
24 48
25 26
25 28
25 29
25 35
25 37
25 44
25 47
25 48
26 34
26 36
26 38
26 42
26 43
27 29
27 32
27 36
27 46
27 47
27 48
28 29
28 34
28 35
28 41
28 44
28 47
28 49
29 32
29 35
29 36
29 37
29 38
29 39
29 46
30 32
30 34
30 41
30 42
30 44
31 32
31 39
31 41
31 42
31 43
32 33
32 34
32 37
32 38
32 42
32 44
32 46
32 48
32 49
33 34
33 35
33 37
33 40
33 42
33 44
33 47
34 40
34 41
34 42
34 47
35 38
35 40
35 45
35 46
35 47
36 43
36 44
36 49
37 38
37 39
37 49
38 42
38 43
38 46
38 47
39 41
39 42
40 41
40 43
40 48
42 45
42 49
43 45
44 46
44 48
46 49
47 49
