0 6
0 7
0 11
0 14
0 16
0 17
0 18
0 24
0 26
0 27
0 33
0 38
0 41
0 42
0 43
0 51
0 53
0 54
0 57
0 60
0 61
0 62
0 63
0 69
0 72
0 73
0 74
0 76
0 77
0 81
0 83
0 84
0 88
0 89
0 91
0 93
0 94
0 97
0 101
0 105
0 108
0 109
0 110
0 111
0 116
0 118
0 119
0 121
0 124
0 129
0 131
0 135
0 138
0 144
0 146
0 148
0 152
0 154
0 156
0 163
0 164
0 165
0 168
0 171
0 174
0 176
0 182
0 187
0 192
0 193
0 195
0 203
0 204
0 211
0 216
0 217
0 220
0 227
0 232
0 238
0 246
0 247
0 251
0 252
0 255
0 259
0 269
0 271
0 272
0 274
0 276
0 285
1 4
1 10
1 12
1 15
1 17
1 18
1 19
1 30
1 32
1 37
1 41
1 46
1 49
1 51
1 55
1 58
1 59
1 61
1 63
1 65
1 67
1 71
1 73
1 74
1 75
1 77
1 81
1 82
1 95
1 101
1 103
1 104
1 108
1 113
1 115
1 121
1 124
1 126
1 133
1 135
1 136
1 139
1 140
1 144
1 145
1 147
1 154
1 156
1 157
1 158
1 162
1 167
1 168
1 173
1 174
1 177
1 179
1 193
1 201
1 202
1 203
1 207
1 210
1 211
1 212
1 213
1 215
1 216
1 219
1 220
1 222
1 225
1 228
1 231
1 232
1 239
1 248
1 261
1 264
1 268
1 269
1 270
1 278
1 279
1 293
1 294
1 295
1 296
1 297
2 12
2 13
2 14
2 16
2 17
2 24
2 25
2 30
2 33
2 34
2 35
2 38
2 41
2 44
2 45
2 46
2 52
2 53
2 56
2 62
2 72
2 74
2 75
2 77
2 81
2 82
2 83
2 84
2 86
2 91
2 96
2 99
2 100
2 103
2 107
2 116
2 118
2 119
2 126
2 128
2 130
2 131
2 133
2 147
2 148
2 149
2 151
2 154
2 159
2 171
2 174
2 178
2 179
2 180
2 182
2 183
2 188
2 189
2 192
2 198
2 199
2 201
2 204
2 205
2 206
2 211
2 212
2 218
2 220
2 221
2 222
2 227
2 228
2 230
2 233
2 234
2 241
2 243
2 245
2 247
2 248
2 251
2 254
2 255
2 256
2 257
2 259
2 261
2 265
2 266
2 268
2 270
2 274
2 279
2 281
2 283
2 292
2 298
3 7
3 12
3 14
3 15
3 21
3 22
3 25
3 26
3 27
3 39
3 40
3 47
3 51
3 53
3 54
3 55
3 63
3 64
3 67
3 73
3 75
3 95
3 96
3 97
3 99
3 100
3 101
3 102
3 104
3 105
3 107
3 114
3 116
3 117
3 120
3 122
3 134
3 135
3 136
3 137
3 140
3 145
3 146
3 157
3 163
3 164
3 167
3 173
3 176
3 181
3 183
3 185
3 186
3 187
3 193
3 197
3 199
3 200
3 202
3 203
3 206
3 209
3 216
3 218
3 221
3 222
3 226
3 229
3 231
3 233
3 237
3 239
3 240
3 246
3 247
3 252
3 257
3 258
3 259
3 263
3 267
3 272
3 274
3 276
3 277
3 278
3 280
3 281
3 284
3 286
3 288
3 291
3 293
3 294
3 295
3 296
3 297
4 11
4 12
4 22
4 29
4 31
4 35
4 37
4 40
4 41
4 44
4 46
4 51
4 52
4 53
4 57
4 64
4 68
4 75
4 77
4 78
4 80
4 82
4 83
4 85
4 88
4 89
4 90
4 91
4 93
4 94
4 97
4 98
4 100
4 106
4 109
4 110
4 112
4 114
4 116
4 117
4 119
4 121
4 125
4 127
4 129
4 130
4 134
4 140
4 144
4 145
4 149
4 151
4 154
4 155
4 156
4 158
4 161
4 162
4 166
4 169
4 172
4 176
4 178
4 184
4 189
4 190
4 196
4 197
4 201
4 217
4 218
4 225
4 226
4 229
4 240
4 245
4 246
4 247
4 248
4 251
4 253
4 254
4 256
4 260
4 263
4 264
4 269
4 277
4 279
4 280
4 283
4 289
4 293
4 294
4 295
4 296
4 298
5 12
5 16
5 20
5 24
5 29
5 32
5 33
5 36
5 46
5 53
5 55
5 59
5 62
5 65
5 67
5 70
5 77
5 78
5 93
5 94
5 99
5 105
5 106
5 109
5 111
5 114
5 119
5 121
5 125
5 130
5 136
5 143
5 146
5 147
5 150
5 161
5 164
5 168
5 179
5 185
5 194
5 197
5 198
5 201
5 203
5 206
5 208
5 209
5 216
5 221
5 222
5 225
5 226
5 234
5 238
5 240
5 241
5 242
5 245
5 247
5 249
5 256
5 259
5 260
5 264
5 268
5 269
5 271
5 273
5 277
5 278
5 293
5 294
5 296
5 298
6 7
6 8
6 14
6 16
6 19
6 24
6 25
6 26
6 29
6 35
6 36
6 38
6 40
6 43
6 46
6 48
6 49
6 54
6 56
6 57
6 58
6 59
6 61
6 65
6 73
6 79
6 82
6 86
6 88
6 91
6 92
6 97
6 98
6 101
6 106
6 108
6 123
6 126
6 133
6 135
6 138
6 139
6 141
6 142
6 143
6 145
6 147
6 152
6 156
6 167
6 170
6 172
6 175
6 180
6 183
6 189
6 190
6 200
6 204
6 205
6 207
6 210
6 215
6 217
6 218
6 220
6 223
6 225
6 227
6 229
6 233
6 234
6 237
6 240
6 241
6 242
6 245
6 254
6 255
6 258
6 262
6 263
6 264
6 271
6 273
6 275
6 277
6 279
6 280
6 284
6 285
6 289
6 290
6 292
6 295
6 297
6 298
6 299
7 13
7 16
7 19
7 20
7 21
7 23
7 27
7 28
7 29
7 33
7 39
7 41
7 42
7 43
7 52
7 59
7 68
7 71
7 72
7 73
7 79
7 81
7 86
7 89
7 90
7 91
7 93
7 98
7 105
7 106
7 107
7 109
7 114
7 117
7 125
7 132
7 133
7 139
7 141
7 145
7 148
7 152
7 153
7 154
7 155
7 159
7 163
7 168
7 177
7 180
7 182
7 185
7 188
7 189
7 195
7 197
7 200
7 202
7 203
7 204
7 206
7 209
7 213
7 214
7 215
7 221
7 222
7 226
7 227
7 229
7 231
7 233
7 234
7 236
7 239
7 243
7 246
7 257
7 259
7 261
7 262
7 265
7 272
7 275
7 276
7 277
7 280
7 281
7 284
7 287
7 288
7 292
7 295
8 10
8 11
8 14
8 21
8 24
8 29
8 31
8 33
8 42
8 44
8 46
8 47
8 48
8 54
8 56
8 58
8 62
8 64
8 67
8 76
8 78
8 82
8 87
8 89
8 90
8 91
8 93
8 95
8 105
8 106
8 109
8 110
8 112
8 113
8 116
8 117
8 127
8 128
8 130
8 131
8 134
8 136
8 140
8 144
8 146
8 149
8 150
8 152
8 153
8 155
8 156
8 157
8 159
8 162
8 164
8 168
8 171
8 177
8 181
8 182
8 185
8 186
8 190
8 191
8 197
8 199
8 200
8 201
8 206
8 207
8 208
8 209
8 210
8 211
8 221
8 223
8 227
8 234
8 242
8 249
8 251
8 252
8 253
8 259
8 260
8 264
8 267
8 269
8 271
8 272
8 274
8 280
8 281
8 285
8 286
8 294
8 296
8 299
9 10
9 12
9 19
9 22
9 26
9 28
9 32
9 33
9 35
9 41
9 42
9 44
9 48
9 52
9 53
9 56
9 62
9 69
9 71
9 85
9 88
9 89
9 91
9 92
9 93
9 98
9 100
9 102
9 106
9 107
9 115
9 116
9 122
9 129
9 132
9 136
9 137
9 142
9 149
9 156
9 163
9 167
9 171
9 178
9 179
9 191
9 193
9 195
9 198
9 199
9 201
9 204
9 208
9 213
9 218
9 221
9 224
9 225
9 228
9 244
9 247
9 249
9 253
9 255
9 259
9 262
9 263
9 269
9 270
9 274
9 277
9 279
9 289
10 12
10 14
10 16
10 18
10 20
10 23
10 25
10 27
10 30
10 36
10 39
10 43
10 45
10 46
10 48
10 49
10 57
10 59
10 81
10 83
10 84
10 90
10 93
10 95
10 97
10 105
10 106
10 108
10 110
10 113
10 114
10 118
10 120
10 122
10 125
10 131
10 132
10 142
10 143
10 152
10 156
10 157
10 158
10 165
10 170
10 173
10 182
10 186
10 191
10 194
10 198
10 199
10 201
10 205
10 207
10 214
10 215
10 218
10 224
10 225
10 229
10 232
10 233
10 239
10 240
10 244
10 254
10 259
10 260
10 265
10 266
10 268
10 270
10 271
10 272
10 279
10 282
10 283
10 284
10 285
10 291
10 292
10 295
10 298
10 299
11 14
11 18
11 21
11 27
11 28
11 38
11 39
11 43
11 46
11 47
11 59
11 61
11 67
11 73
11 79
11 80
11 84
11 86
11 87
11 88
11 89
11 95
11 98
11 100
11 103
11 107
11 111
11 112
11 114
11 115
11 116
11 118
11 119
11 121
11 122
11 124
11 125
11 127
11 131
11 132
11 134
11 137
11 138
11 143
11 147
11 152
11 160
11 161
11 167
11 169
11 170
11 171
11 174
11 175
11 176
11 186
11 188
11 190
11 191
11 196
11 203
11 205
11 209
11 211
11 212
11 214
11 219
11 220
11 225
11 230
11 231
11 232
11 235
11 236
11 241
11 243
11 245
11 246
11 247
11 256
11 257
11 261
11 262
11 268
11 269
11 270
11 275
11 276
11 277
11 281
11 283
11 285
11 287
11 289
11 292
11 294
12 13
12 14
12 15
12 19
12 29
12 34
12 39
12 42
12 45
12 48
12 51
12 53
12 54
12 55
12 57
12 58
12 59
12 60
12 62
12 63
12 66
12 68
12 70
12 76
12 87
12 90
12 96
12 99
12 102
12 104
12 107
12 110
12 112
12 117
12 118
12 119
12 123
12 131
12 141
12 142
12 153
12 154
12 157
12 158
12 159
12 161
12 163
12 165
12 166
12 167
12 170
12 171
12 177
12 178
12 179
12 180
12 182
12 191
12 193
12 196
12 202
12 203
12 208
12 209
12 210
12 211
12 213
12 216
12 218
12 220
12 228
12 229
12 233
12 236
12 237
12 245
12 248
12 252
12 254
12 257
12 260
12 267
12 268
12 273
12 277
12 278
12 286
12 287
12 289
12 292
13 19
13 22
13 28
13 35
13 36
13 39
13 43
13 44
13 56
13 61
13 64
13 68
13 71
13 82
13 83
13 84
13 86
13 88
13 91
13 92
13 103
13 104
13 108
13 110
13 114
13 119
13 123
13 124
13 125
13 129
13 130
13 141
13 145
13 147
13 148
13 153
13 154
13 155
13 158
13 170
13 171
13 176
13 178
13 179
13 180
13 182
13 190
13 193
13 194
13 200
13 201
13 204
13 206
13 207
13 209
13 211
13 219
13 220
13 221
13 223
13 225
13 228
13 232
13 236
13 237
13 250
13 252
13 253
13 255
13 256
13 258
13 260
13 261
13 267
13 269
13 274
13 277
13 278
13 279
13 281
13 283
13 284
14 15
14 17
14 18
14 30
14 35
14 36
14 37
14 39
14 45
14 50
14 51
14 52
14 53
14 57
14 58
14 62
14 63
14 64
14 70
14 78
14 81
14 86
14 88
14 94
14 95
14 97
14 99
14 102
14 110
14 115
14 117
14 118
14 120
14 122
14 123
14 129
14 132
14 136
14 142
14 151
14 153
14 155
14 158
14 163
14 167
14 170
14 171
14 174
14 189
14 191
14 192
14 195
14 197
14 199
14 201
14 203
14 205
14 206
14 210
14 211
14 213
14 216
14 217
14 222
14 223
14 224
14 225
14 226
14 230
14 231
14 233
14 240
14 242
14 246
14 257
14 259
14 264
14 266
14 267
14 269
14 272
14 279
14 288
14 291
14 296
14 299
15 16
15 17
15 18
15 19
15 20
15 24
15 25
15 26
15 29
15 31
15 35
15 36
15 38
15 42
15 48
15 52
15 54
15 55
15 56
15 57
15 60
15 66
15 70
15 77
15 89
15 97
15 101
15 102
15 103
15 104
15 106
15 107
15 108
15 110
15 112
15 117
15 119
15 124
15 125
15 127
15 136
15 137
15 153
15 161
15 166
15 167
15 169
15 171
15 174
15 175
15 180
15 181
15 182
15 188
15 190
15 191
15 192
15 195
15 196
15 200
15 216
15 217
15 219
15 221
15 223
15 229
15 232
15 234
15 235
15 237
15 240
15 241
15 250
15 251
15 260
15 266
15 267
15 271
15 273
15 274
15 276
15 281
15 282
15 284
15 290
15 296
15 297
16 18
16 21
16 22
16 28
16 31
16 32
16 41
16 42
16 47
16 52
16 54
16 55
16 61
16 62
16 66
16 73
16 75
16 79
16 80
16 82
16 83
16 85
16 88
16 90
16 93
16 94
16 99
16 102
16 103
16 107
16 112
16 113
16 116
16 117
16 119
16 122
16 125
16 128
16 132
16 133
16 147
16 153
16 159
16 162
16 165
16 167
16 170
16 173
16 176
16 183
16 188
16 189
16 190
16 191
16 193
16 198
16 204
16 214
16 216
16 217
16 218
16 219
16 221
16 223
16 228
16 230
16 232
16 235
16 236
16 239
16 245
16 253
16 257
16 259
16 260
16 262
16 264
16 265
16 271
16 272
16 273
16 277
16 279
16 282
16 284
16 286
16 289
17 20
17 26
17 36
17 37
17 40
17 41
17 42
17 44
17 46
17 55
17 62
17 65
17 67
17 68
17 70
17 71
17 73
17 74
17 75
17 77
17 79
17 81
17 82
17 86
17 92
17 100
17 113
17 114
17 115
17 117
17 122
17 124
17 127
17 133
17 136
17 139
17 141
17 146
17 147
17 148
17 149
17 155
17 157
17 164
17 172
17 174
17 194
17 199
17 207
17 212
17 217
17 218
17 219
17 224
17 227
17 228
17 230
17 231
17 235
17 236
17 243
17 245
17 247
17 248
17 250
17 253
17 256
17 257
17 260
17 263
17 266
17 267
17 270
17 274
17 277
17 280
17 282
17 283
17 284
17 287
17 289
17 290
18 24
18 31
18 34
18 35
18 37
18 39
18 46
18 47
18 49
18 52
18 55
18 60
18 63
18 64
18 65
18 68
18 69
18 71
18 76
18 80
18 83
18 86
18 88
18 93
18 95
18 96
18 100
18 102
18 104
18 109
18 110
18 113
18 122
18 123
18 126
18 127
18 129
18 134
18 135
18 140
18 156
18 157
18 160
18 163
18 164
18 167
18 173
18 174
18 183
18 184
18 192
18 194
18 200
18 205
18 214
18 215
18 216
18 218
18 219
18 222
18 225
18 227
18 229
18 230
18 232
18 233
18 238
18 251
18 256
18 261
18 266
18 268
18 269
18 272
18 281
18 282
18 283
18 291
18 293
18 295
18 297
19 20
19 21
19 24
19 25
19 34
19 36
19 43
19 45
19 47
19 48
19 51
19 54
19 55
19 56
19 58
19 61
19 63
19 68
19 73
19 74
19 79
19 80
19 82
19 86
19 92
19 99
19 109
19 112
19 113
19 114
19 115
19 116
19 120
19 121
19 123
19 126
19 127
19 140
19 142
19 149
19 151
19 154
19 155
19 158
19 159
19 160
19 163
19 166
19 169
19 170
19 171
19 175
19 176
19 178
19 180
19 185
19 186
19 187
19 190
19 191
19 192
19 197
19 201
19 202
19 203
19 213
19 214
19 216
19 221
19 223
19 224
19 225
19 226
19 228
19 233
19 235
19 239
19 241
19 244
19 246
19 248
19 251
19 253
19 256
19 261
19 265
19 267
19 274
19 275
19 286
19 294
19 296
20 23
20 24
20 31
20 35
20 38
20 39
20 42
20 46
20 53
20 55
20 56
20 58
20 68
20 71
20 73
20 78
20 80
20 85
20 87
20 88
20 91
20 95
20 96
20 103
20 104
20 106
20 107
20 112
20 114
20 123
20 126
20 129
20 130
20 134
20 138
20 140
20 143
20 145
20 147
20 149
20 150
20 152
20 163
20 167
20 170
20 171
20 172
20 176
20 181
20 182
20 184
20 188
20 189
20 198
20 200
20 202
20 210
20 213
20 214
20 215
20 216
20 218
20 219
20 222
20 223
20 225
20 230
20 235
20 236
20 239
20 242
20 245
20 249
20 251
20 267
20 273
20 280
20 282
20 283
20 284
20 285
20 287
20 295
20 298
21 26
21 28
21 29
21 32
21 37
21 38
21 40
21 45
21 46
21 54
21 57
21 58
21 60
21 65
21 68
21 69
21 76
21 79
21 83
21 92
21 97
21 99
21 102
21 106
21 108
21 110
21 113
21 115
21 116
21 117
21 119
21 122
21 124
21 127
21 129
21 131
21 133
21 140
21 146
21 148
21 150
21 152
21 154
21 157
21 169
21 171
21 173
21 175
21 180
21 181
21 183
21 184
21 195
21 196
21 198
21 199
21 200
21 207
21 208
21 209
21 210
21 215
21 218
21 219
21 224
21 228
21 232
21 233
21 235
21 236
21 239
21 240
21 251
21 254
21 256
21 262
21 263
21 267
21 268
21 269
21 271
21 273
21 274
21 278
21 282
21 283
21 286
21 287
21 288
21 289
21 291
21 292
21 299
22 24
22 25
22 26
22 29
22 30
22 35
22 36
22 38
22 40
22 43
22 48
22 53
22 55
22 56
22 65
22 67
22 71
22 72
22 73
22 74
22 79
22 89
22 93
22 95
22 96
22 99
22 104
22 112
22 118
22 119
22 122
22 127
22 128
22 131
22 133
22 135
22 137
22 141
22 149
22 151
22 154
22 157
22 161
22 168
22 171
22 173
22 178
22 184
22 186
22 187
22 190
22 191
22 195
22 201
22 202
22 205
22 206
22 207
22 209
22 210
22 212
22 217
22 220
22 221
22 225
22 227
22 234
22 237
22 243
22 250
22 252
22 254
22 257
22 259
22 262
22 264
22 267
22 269
22 271
22 278
22 287
22 292
22 296
23 24
23 29
23 31
23 37
23 38
23 40
23 50
23 52
23 53
23 55
23 58
23 59
23 64
23 70
23 71
23 72
23 73
23 79
23 81
23 82
23 85
23 87
23 88
23 89
23 91
23 92
23 95
23 97
23 102
23 106
23 115
23 120
23 121
23 124
23 127
23 131
23 140
23 141
23 142
23 143
23 148
23 150
23 151
23 152
23 153
23 159
23 161
23 162
23 165
23 172
23 176
23 177
23 186
23 189
23 190
23 191
23 198
23 200
23 204
23 210
23 217
23 222
23 223
23 225
23 226
23 227
23 229
23 230
23 231
23 232
23 236
23 238
23 243
23 244
23 247
23 251
23 252
23 255
23 256
23 258
23 260
23 262
23 263
23 268
23 270
23 271
23 275
23 276
23 283
23 288
23 294
23 296
23 297
24 30
24 44
24 45
24 46
24 49
24 54
24 55
24 60
24 67
24 68
24 72
24 75
24 76
24 79
24 87
24 96
24 104
24 113
24 118
24 134
24 138
24 143
24 145
24 147
24 150
24 153
24 154
24 155
24 156
24 157
24 158
24 162
24 165
24 169
24 170
24 176
24 182
24 183
24 184
24 188
24 190
24 192
24 193
24 195
24 199
24 206
24 207
24 210
24 215
24 218
24 219
24 225
24 228
24 229
24 233
24 244
24 248
24 252
24 255
24 264
24 267
24 279
24 282
24 283
24 285
24 291
24 293
24 298
25 30
25 37
25 38
25 41
25 43
25 46
25 48
25 58
25 66
25 75
25 79
25 80
25 84
25 88
25 96
25 100
25 102
25 105
25 109
25 112
25 114
25 115
25 118
25 123
25 124
25 132
25 138
25 143
25 150
25 155
25 156
25 159
25 160
25 161
25 166
25 167
25 168
25 169
25 170
25 173
25 178
25 179
25 181
25 185
25 190
25 193
25 205
25 206
25 214
25 218
25 226
25 227
25 230
25 231
25 236
25 240
25 241
25 244
25 245
25 249
25 254
25 255
25 256
25 259
25 261
25 269
25 270
25 272
25 277
25 279
25 281
25 284
25 290
25 292
25 293
25 296
26 28
26 33
26 35
26 43
26 46
26 49
26 54
26 62
26 63
26 70
26 71
26 74
26 77
26 80
26 89
26 91
26 93
26 95
26 96
26 100
26 103
26 105
26 109
26 110
26 115
26 116
26 118
26 121
26 124
26 125
26 127
26 137
26 138
26 143
26 144
26 149
26 150
26 157
26 160
26 164
26 165
26 170
26 177
26 181
26 185
26 187
26 190
26 195
26 196
26 207
26 209
26 210
26 211
26 212
26 218
26 219
26 224
26 225
26 226
26 234
26 235
26 238
26 239
26 241
26 246
26 249
26 250
26 253
26 254
26 255
26 257
26 258
26 259
26 260
26 263
26 268
26 276
26 282
26 283
26 284
26 285
26 287
26 288
26 289
27 29
27 31
27 32
27 37
27 42
27 43
27 44
27 45
27 48
27 53
27 54
27 57
27 59
27 67
27 68
27 69
27 70
27 74
27 81
27 83
27 84
27 85
27 86
27 87
27 88
27 94
27 96
27 112
27 114
27 115
27 121
27 125
27 133
27 138
27 145
27 151
27 153
27 155
27 158
27 160
27 161
27 163
27 166
27 171
27 172
27 177
27 186
27 191
27 192
27 193
27 194
27 197
27 199
27 201
27 202
27 204
27 207
27 208
27 210
27 212
27 215
27 217
27 219
27 220
27 226
27 229
27 230
27 232
27 235
27 238
27 244
27 250
27 255
27 258
27 262
27 270
27 271
27 276
27 277
27 278
27 286
27 287
28 31
28 32
28 39
28 41
28 42
28 45
28 49
28 50
28 53
28 56
28 57
28 60
28 62
28 65
28 76
28 77
28 78
28 80
28 86
28 89
28 90
28 91
28 93
28 95
28 96
28 98
28 107
28 108
28 110
28 114
28 119
28 125
28 126
28 132
28 133
28 140
28 141
28 145
28 147
28 150
28 155
28 156
28 160
28 165
28 168
28 169
28 172
28 173
28 174
28 178
28 181
28 182
28 183
28 186
28 190
28 191
28 193
28 194
28 204
28 206
28 212
28 213
28 216
28 218
28 226
28 227
28 229
28 241
28 243
28 244
28 246
28 247
28 250
28 254
28 258
28 259
28 260
28 263
28 271
28 274
28 276
28 279
28 281
28 282
28 289
28 291
29 31
29 32
29 33
29 35
29 38
29 42
29 47
29 52
29 53
29 56
29 57
29 58
29 62
29 63
29 65
29 67
29 70
29 74
29 80
29 85
29 89
29 91
29 92
29 101
29 109
29 115
29 118
29 119
29 122
29 123
29 127
29 128
29 141
29 142
29 147
29 148
29 150
29 160
29 162
29 173
29 181
29 182
29 185
29 188
29 195
29 202
29 204
29 207
29 212
29 219
29 220
29 225
29 229
29 231
29 232
29 235
29 236
29 237
29 238
29 239
29 242
29 245
29 254
29 258
29 259
29 262
29 266
29 273
29 275
29 276
29 277
29 279
29 280
29 282
29 288
29 291
29 294
29 295
29 299
30 33
30 38
30 41
30 50
30 51
30 52
30 53
30 56
30 61
30 63
30 71
30 72
30 75
30 76
30 77
30 79
30 84
30 85
30 88
30 89
30 91
30 95
30 98
30 100
30 102
30 104
30 112
30 115
30 116
30 120
30 122
30 126
30 134
30 135
30 136
30 142
30 146
30 150
30 151
30 155
30 156
30 157
30 159
30 161
30 163
30 164
30 165
30 169
30 175
30 177
30 180
30 188
30 190
30 191
30 192
30 194
30 203
30 204
30 206
30 209
30 210
30 212
30 213
30 214
30 217
30 221
30 224
30 226
30 227
30 232
30 233
30 234
30 237
30 243
30 248
30 249
30 252
30 253
30 255
30 258
30 259
30 262
30 265
30 271
30 275
30 278
30 292
30 294
30 299
31 34
31 42
31 48
31 49
31 51
31 54
31 55
31 57
31 58
31 61
31 62
31 63
31 64
31 67
31 68
31 69
31 70
31 72
31 79
31 87
31 88
31 90
31 92
31 93
31 95
31 97
31 100
31 106
31 110
31 112
31 113
31 121
31 122
31 124
31 125
31 127
31 129
31 130
31 131
31 134
31 136
31 140
31 144
31 145
31 146
31 147
31 149
31 150
31 152
31 153
31 155
31 157
31 158
31 161
31 167
31 168
31 176
31 182
31 183
31 187
31 190
31 193
31 197
31 203
31 205
31 206
31 207
31 212
31 215
31 216
31 221
31 223
31 227
31 231
31 236
31 239
31 242
31 243
31 245
31 250
31 260
31 266
31 267
31 268
31 275
31 276
31 278
31 284
31 287
31 288
31 294
31 296
31 298
32 45
32 48
32 49
32 51
32 52
32 54
32 56
32 61
32 62
32 63
32 66
32 72
32 73
32 74
32 78
32 79
32 83
32 90
32 94
32 98
32 99
32 101
32 102
32 107
32 110
32 111
32 113
32 114
32 118
32 121
32 124
32 130
32 133
32 134
32 135
32 139
32 140
32 142
32 143
32 144
32 146
32 147
32 151
32 156
32 161
32 163
32 164
32 166
32 172
32 176
32 190
32 191
32 196
32 198
32 200
32 209
32 211
32 218
32 228
32 229
32 233
32 234
32 235
32 236
32 239
32 240
32 241
32 243
32 244
32 251
32 260
32 263
32 265
32 266
32 270
32 273
32 274
32 276
32 279
32 280
32 282
32 283
32 288
32 289
32 293
32 297
32 298
32 299
33 39
33 40
33 43
33 44
33 51
33 56
33 57
33 63
33 68
33 76
33 78
33 79
33 84
33 85
33 91
33 92
33 94
33 95
33 96
33 98
33 107
33 109
33 112
33 119
33 121
33 130
33 131
33 132
33 136
33 144
33 148
33 154
33 155
33 156
33 159
33 160
33 163
33 164
33 170
33 172
33 173
33 182
33 190
33 192
33 194
33 195
33 197
33 200
33 201
33 203
33 214
33 218
33 219
33 220
33 222
33 224
33 226
33 227
33 230
33 235
33 237
33 242
33 244
33 250
33 255
33 260
33 262
33 264
33 268
33 269
33 274
33 278
33 281
33 284
33 290
33 297
34 35
34 39
34 40
34 42
34 44
34 46
34 48
34 52
34 53
34 57
34 60
34 65
34 68
34 77
34 80
34 90
34 91
34 94
34 97
34 98
34 110
34 111
34 113
34 116
34 120
34 121
34 122
34 123
34 124
34 127
34 129
34 130
34 131
34 133
34 138
34 142
34 151
34 152
34 153
34 154
34 157
34 161
34 162
34 164
34 170
34 171
34 174
34 175
34 180
34 181
34 184
34 185
34 186
34 187
34 193
34 194
34 197
34 199
34 201
34 208
34 212
34 213
34 214
34 224
34 226
34 227
34 232
34 234
34 235
34 236
34 237
34 251
34 253
34 262
34 263
34 264
34 266
34 267
34 272
34 278
34 280
34 282
34 284
34 287
34 297
34 299
35 40
35 43
35 47
35 49
35 50
35 51
35 52
35 53
35 60
35 61
35 64
35 65
35 67
35 68
35 71
35 72
35 74
35 78
35 79
35 85
35 87
35 88
35 94
35 95
35 99
35 105
35 109
35 113
35 122
35 129
35 130
35 133
35 135
35 140
35 141
35 142
35 145
35 149
35 150
35 153
35 155
35 157
35 158
35 160
35 163
35 167
35 168
35 170
35 171
35 175
35 180
35 182
35 186
35 187
35 191
35 192
35 194
35 203
35 204
35 206
35 209
35 210
35 211
35 212
35 215
35 217
35 224
35 228
35 230
35 231
35 234
35 236
35 239
35 241
35 244
35 247
35 250
35 252
35 254
35 260
35 262
35 265
35 267
35 268
35 272
35 273
35 285
35 289
35 290
35 291
35 292
35 293
35 294
35 295
35 296
36 38
36 40
36 44
36 45
36 55
36 59
36 71
36 74
36 75
36 78
36 85
36 98
36 101
36 103
36 105
36 110
36 113
36 114
36 116
36 118
36 121
36 127
36 145
36 146
36 148
36 150
36 151
36 153
36 155
36 157
36 160
36 165
36 166
36 168
36 172
36 175
36 177
36 184
36 188
36 190
36 191
36 192
36 195
36 198
36 206
36 208
36 210
36 213
36 217
36 223
36 225
36 227
36 228
36 229
36 247
36 255
36 256
36 258
36 262
36 263
36 264
36 266
36 271
36 278
36 285
36 287
36 288
36 293
37 38
37 40
37 42
37 43
37 55
37 56
37 60
37 69
37 70
37 71
37 76
37 79
37 81
37 82
37 84
37 86
37 87
37 91
37 92
37 95
37 103
37 104
37 105
37 106
37 108
37 109
37 111
37 112
37 113
37 116
37 118
37 123
37 127
37 128
37 129
37 130
37 131
37 135
37 136
37 144
37 146
37 148
37 152
37 155
37 160
37 164
37 165
37 168
37 169
37 172
37 174
37 177
37 178
37 181
37 185
37 187
37 189
37 195
37 197
37 200
37 204
37 205
37 206
37 209
37 210
37 214
37 219
37 224
37 225
37 235
37 246
37 247
37 253
37 258
37 259
37 262
37 264
37 265
37 269
37 275
37 276
37 277
37 282
37 289
37 292
37 294
37 295
38 42
38 46
38 47
38 59
38 67
38 72
38 73
38 74
38 76
38 81
38 84
38 93
38 95
38 99
38 104
38 111
38 118
38 120
38 121
38 122
38 126
38 127
38 128
38 132
38 137
38 138
38 140
38 145
38 149
38 156
38 162
38 163
38 169
38 170
38 172
38 174
38 175
38 178
38 185
38 188
38 193
38 204
38 205
38 209
38 215
38 218
38 219
38 220
38 224
38 228
38 229
38 231
38 233
38 234
38 239
38 244
38 245
38 246
38 247
38 256
38 260
38 262
38 263
38 269
38 275
38 279
38 281
38 282
38 283
38 285
38 286
38 287
38 288
38 291
39 41
39 44
39 46
39 47
39 51
39 54
39 60
39 62
39 74
39 75
39 77
39 78
39 84
39 89
39 90
39 91
39 93
39 95
39 97
39 100
39 101
39 104
39 106
39 107
39 112
39 116
39 117
39 122
39 125
39 127
39 128
39 134
39 140
39 142
39 146
39 147
39 152
39 153
39 156
39 166
39 167
39 169
39 170
39 171
39 173
39 176
39 184
39 187
39 188
39 189
39 194
39 195
39 198
39 203
39 205
39 207
39 215
39 224
39 226
39 228
39 230
39 238
39 243
39 253
39 256
39 260
39 262
39 263
39 264
39 267
39 274
39 277
39 278
39 279
39 281
39 291
40 41
40 43
40 44
40 46
40 49
40 57
40 60
40 61
40 62
40 66
40 69
40 78
40 79
40 80
40 82
40 83
40 84
40 86
40 89
40 91
40 94
40 96
40 98
40 105
40 107
40 108
40 109
40 114
40 115
40 119
40 120
40 122
40 123
40 124
40 128
40 131
40 133
40 134
40 137
40 143
40 157
40 159
40 160
40 167
40 172
40 173
40 184
40 190
40 193
40 198
40 199
40 207
40 213
40 215
40 218
40 220
40 221
40 222
40 226
40 228
40 232
40 233
40 238
40 242
40 244
40 251
40 252
40 254
40 255
40 258
40 260
40 263
40 267
40 269
40 275
40 279
40 293
40 294
40 296
40 298
41 51
41 52
41 53
41 54
41 64
41 68
41 69
41 70
41 79
41 82
41 83
41 86
41 96
41 99
41 101
41 105
41 107
41 113
41 115
41 117
41 118
41 122
41 125
41 126
41 127
41 128
41 129
41 130
41 131
41 135
41 138
41 140
41 143
41 151
41 156
41 157
41 160
41 164
41 166
41 169
41 170
41 173
41 174
41 175
41 176
41 180
41 183
41 184
41 185
41 188
41 189
41 191
41 197
41 202
41 205
41 206
41 209
41 215
41 216
41 219
41 220
41 222
41 228
41 230
41 233
41 235
41 237
41 242
41 243
41 248
41 253
41 254
41 256
41 261
41 266
41 267
41 268
41 269
41 270
41 271
41 275
41 279
41 280
41 282
41 284
41 289
41 290
41 292
41 295
41 296
41 297
42 43
42 44
42 46
42 49
42 51
42 52
42 54
42 60
42 64
42 75
42 79
42 80
42 82
42 84
42 100
42 107
42 108
42 113
42 114
42 115
42 117
42 121
42 122
42 126
42 129
42 133
42 135
42 139
42 142
42 146
42 147
42 148
42 152
42 153
42 163
42 167
42 170
42 171
42 172
42 180
42 182
42 184
42 186
42 187
42 193
42 204
42 206
42 208
42 212
42 228
42 231
42 233
42 234
42 235
42 236
42 237
42 238
42 240
42 241
42 249
42 254
42 255
42 257
42 268
42 270
42 271
42 276
42 278
42 280
42 281
42 282
42 285
42 292
42 294
42 297
43 46
43 47
43 56
43 57
43 58
43 62
43 65
43 66
43 67
43 71
43 74
43 76
43 79
43 84
43 85
43 86
43 87
43 90
43 96
43 98
43 100
43 101
43 103
43 105
43 106
43 107
43 108
43 111
43 112
43 114
43 118
43 121
43 122
43 124
43 126
43 130
43 140
43 147
43 153
43 156
43 157
43 159
43 160
43 162
43 163
43 165
43 166
43 168
43 171
43 173
43 174
43 176
43 177
43 180
43 184
43 185
43 186
43 189
43 191
43 193
43 194
43 197
43 200
43 208
43 212
43 218
43 219
43 227
43 228
43 229
43 232
43 242
43 243
43 244
43 247
43 249
43 254
43 256
43 261
43 262
43 265
43 270
43 271
43 273
43 276
43 282
43 289
43 294
44 45
44 48
44 49
44 51
44 53
44 63
44 68
44 72
44 73
44 74
44 76
44 77
44 83
44 84
44 85
44 86
44 93
44 94
44 95
44 99
44 103
44 104
44 106
44 108
44 116
44 117
44 120
44 121
44 124
44 125
44 129
44 135
44 138
44 141
44 144
44 147
44 152
44 154
44 161
44 162
44 164
44 168
44 172
44 173
44 174
44 177
44 184
44 185
44 188
44 190
44 201
44 207
44 208
44 210
44 216
44 218
44 220
44 221
44 224
44 226
44 227
44 229
44 234
44 235
44 239
44 247
44 248
44 251
44 257
44 263
44 266
44 267
44 269
44 270
44 271
44 281
44 285
44 287
44 289
44 292
44 294
45 48
45 58
45 59
45 61
45 66
45 67
45 68
45 72
45 75
45 76
45 77
45 79
45 83
45 84
45 85
45 87
45 91
45 95
45 96
45 97
45 99
45 100
45 108
45 109
45 112
45 118
45 120
45 123
45 125
45 128
45 136
45 138
45 139
45 144
45 146
45 147
45 148
45 153
45 156
45 159
45 160
45 162
45 163
45 168
45 174
45 175
45 176
45 177
45 178
45 181
45 182
45 186
45 194
45 199
45 202
45 206
45 214
45 215
45 222
45 226
45 228
45 232
45 239
45 247
45 254
45 255
45 257
45 266
45 271
45 272
45 280
45 282
45 296
45 298
46 49
46 51
46 52
46 57
46 59
46 62
46 69
46 71
46 76
46 82
46 100
46 104
46 106
46 108
46 109
46 112
46 117
46 118
46 123
46 124
46 125
46 128
46 131
46 132
46 134
46 138
46 144
46 147
46 154
46 155
46 157
46 161
46 165
46 168
46 169
46 172
46 174
46 176
46 191
46 194
46 196
46 197
46 200
46 202
46 204
46 207
46 212
46 214
46 224
46 226
46 227
46 228
46 229
46 232
46 234
46 241
46 242
46 243
46 246
46 247
46 251
46 260
46 261
46 263
46 264
46 265
46 266
46 272
46 278
46 280
46 290
46 291
46 292
46 293
46 295
47 53
47 57
47 60
47 63
47 67
47 68
47 70
47 71
47 72
47 73
47 74
47 75
47 83
47 84
47 86
47 91
47 97
47 108
47 110
47 111
47 112
47 113
47 115
47 117
47 122
47 124
47 125
47 129
47 130
47 131
47 137
47 138
47 143
47 149
47 153
47 154
47 155
47 156
47 162
47 165
47 168
47 171
47 174
47 177
47 178
47 187
47 190
47 191
47 193
47 199
47 204
47 206
47 209
47 210
47 211
47 212
47 216
47 217
47 220
47 228
47 231
47 240
47 248
47 250
47 260
47 265
47 269
47 270
47 272
47 274
47 278
47 279
47 282
47 284
47 288
47 290
47 291
47 296
48 49
48 56
48 59
48 64
48 76
48 79
48 80
48 81
48 84
48 87
48 91
48 103
48 106
48 115
48 118
48 119
48 120
48 124
48 126
48 132
48 135
48 136
48 145
48 153
48 163
48 172
48 175
48 177
48 178
48 179
48 181
48 182
48 189
48 198
48 202
48 204
48 215
48 216
48 219
48 220
48 222
48 227
48 230
48 232
48 234
48 235
48 240
48 244
48 245
48 246
48 254
48 259
48 264
48 276
48 279
48 281
48 283
48 299
49 52
49 61
49 62
49 67
49 70
49 77
49 79
49 95
49 97
49 98
49 101
49 102
49 103
49 106
49 110
49 112
49 113
49 117
49 121
49 134
49 137
49 141
49 149
49 150
49 153
49 154
49 156
49 158
49 162
49 163
49 164
49 167
49 169
49 172
49 175
49 176
49 181
49 187
49 191
49 192
49 195
49 199
49 200
49 201
49 209
49 210
49 213
49 214
49 215
49 221
49 222
49 225
49 235
49 241
49 247
49 249
49 262
49 266
49 271
49 273
49 276
49 277
49 280
49 286
49 290
49 294
49 296
49 297
49 299
50 53
50 54
50 64
50 66
50 69
50 72
50 73
50 75
50 87
50 90
50 93
50 97
50 99
50 105
50 110
50 112
50 116
50 117
50 118
50 128
50 130
50 133
50 140
50 142
50 146
50 147
50 148
50 165
50 169
50 179
50 187
50 189
50 191
50 196
50 198
50 200
50 203
50 216
50 217
50 221
50 228
50 229
50 233
50 234
50 242
50 248
50 254
50 255
50 258
50 263
50 276
50 277
50 279
50 288
50 290
50 295
50 299
51 52
51 55
51 61
51 80
51 82
51 83
51 85
51 87
51 88
51 89
51 90
51 97
51 99
51 100
51 102
51 103
51 107
51 110
51 112
51 115
51 118
51 123
51 124
51 125
51 132
51 135
51 136
51 141
51 147
51 149
51 153
51 154
51 156
51 157
51 159
51 160
51 166
51 168
51 169
51 175
51 181
51 182
51 185
51 188
51 189
51 191
51 192
51 194
51 196
51 203
51 213
51 216
51 221
51 225
51 228
51 233
51 247
51 250
51 251
51 252
51 254
51 256
51 258
51 260
51 261
51 265
51 268
51 269
51 270
51 272
51 274
51 275
51 276
51 277
51 279
51 281
51 288
51 290
51 293
51 294
51 295
52 62
52 67
52 69
52 70
52 74
52 77
52 79
52 80
52 83
52 87
52 91
52 92
52 95
52 100
52 103
52 106
52 108
52 110
52 111
52 120
52 122
52 124
52 125
52 128
52 132
52 135
52 136
52 137
52 141
52 142
52 143
52 144
52 150
52 152
52 157
52 159
52 161
52 177
52 178
52 181
52 186
52 187
52 192
52 194
52 198
52 201
52 202
52 207
52 209
52 213
52 215
52 224
52 226
52 234
52 237
52 240
52 242
52 243
52 244
52 257
52 260
52 262
52 264
52 266
52 267
52 268
52 269
52 272
52 275
52 277
52 282
52 284
52 285
52 286
52 289
52 294
52 297
53 54
53 55
53 57
53 62
53 63
53 64
53 66
53 67
53 68
53 71
53 72
53 75
53 77
53 81
53 87
53 91
53 92
53 96
53 97
53 101
53 103
53 104
53 108
53 109
53 110
53 111
53 113
53 115
53 117
53 118
53 119
53 121
53 123
53 125
53 128
53 131
53 148
53 149
53 151
53 153
53 156
53 158
53 159
53 165
53 167
53 168
53 171
53 172
53 178
53 179
53 181
53 185
53 189
53 192
53 193
53 194
53 195
53 197
53 200
53 201
53 204
53 205
53 208
53 213
53 221
53 226
53 227
53 232
53 237
53 238
53 246
53 248
53 250
53 252
53 255
53 257
53 260
53 263
53 266
53 276
53 279
53 284
53 287
53 288
53 292
54 56
54 57
54 60
54 61
54 66
54 67
54 71
54 75
54 76
54 79
54 80
54 86
54 89
54 93
54 95
54 100
54 103
54 105
54 108
54 109
54 110
54 117
54 118
54 123
54 126
54 128
54 131
54 132
54 136
54 141
54 142
54 150
54 153
54 154
54 155
54 156
54 157
54 159
54 167
54 170
54 173
54 174
54 175
54 176
54 182
54 188
54 195
54 201
54 202
54 204
54 209
54 211
54 212
54 214
54 215
54 217
54 222
54 226
54 228
54 229
54 233
54 240
54 242
54 244
54 246
54 248
54 249
54 252
54 255
54 256
54 264
54 266
54 269
54 270
54 273
54 275
54 279
54 284
54 285
54 288
54 293
54 299
55 58
55 60
55 61
55 63
55 65
55 66
55 73
55 76
55 78
55 79
55 80
55 83
55 84
55 85
55 93
55 94
55 100
55 102
55 103
55 108
55 109
55 110
55 125
55 127
55 131
55 133
55 136
55 137
55 141
55 142
55 145
55 146
55 158
55 159
55 161
55 163
55 164
55 175
55 183
55 187
55 189
55 194
55 195
55 196
55 197
55 200
55 204
55 205
55 206
55 212
55 215
55 218
55 222
55 223
55 224
55 229
55 232
55 240
55 242
55 244
55 245
55 248
55 250
55 251
55 259
55 260
55 266
55 268
55 269
55 275
55 279
55 283
55 284
55 285
55 286
55 288
55 289
55 294
55 295
56 57
56 60
56 64
56 65
56 66
56 76
56 77
56 79
56 86
56 88
56 100
56 107
56 110
56 114
56 116
56 119
56 120
56 122
56 123
56 126
56 127
56 128
56 129
56 132
56 134
56 135
56 138
56 149
56 150
56 153
56 154
56 162
56 163
56 172
56 173
56 174
56 180
56 182
56 183
56 185
56 189
56 190
56 193
56 194
56 196
56 197
56 203
56 206
56 208
56 209
56 211
56 217
56 218
56 221
56 222
56 229
56 239
56 241
56 242
56 245
56 247
56 248
56 249
56 255
56 256
56 265
56 268
56 277
56 282
56 284
56 285
56 290
56 294
56 296
57 63
57 65
57 68
57 69
57 70
57 71
57 78
57 79
57 80
57 90
57 91
57 93
57 97
57 99
57 102
57 103
57 111
57 112
57 114
57 121
57 126
57 128
57 130
57 132
57 135
57 136
57 140
57 143
57 152
57 153
57 155
57 157
57 159
57 163
57 166
57 167
57 168
57 169
57 174
57 175
57 182
57 185
57 189
57 193
57 194
57 197
57 207
57 209
57 212
57 215
57 221
57 232
57 235
57 236
57 237
57 238
57 239
57 256
57 257
57 260
57 262
57 264
57 266
57 268
57 274
57 279
57 280
57 284
57 286
57 288
57 290
57 293
57 295
57 298
57 299
58 62
58 64
58 70
58 75
58 76
58 77
58 80
58 83
58 90
58 91
58 92
58 95
58 96
58 97
58 104
58 106
58 107
58 108
58 113
58 115
58 116
58 117
58 118
58 119
58 121
58 123
58 125
58 128
58 130
58 132
58 139
58 155
58 159
58 160
58 164
58 166
58 170
58 172
58 175
58 177
58 179
58 180
58 181
58 185
58 186
58 192
58 195
58 197
58 202
58 204
58 214
58 215
58 216
58 232
58 236
58 245
58 247
58 253
58 259
58 260
58 262
58 263
58 265
58 267
58 269
58 270
58 272
58 274
58 276
58 282
58 285
58 292
58 296
58 298
59 62
59 64
59 68
59 71
59 72
59 77
59 79
59 82
59 84
59 85
59 89
59 91
59 94
59 95
59 101
59 104
59 107
59 108
59 114
59 118
59 120
59 121
59 122
59 123
59 128
59 130
59 137
59 144
59 145
59 147
59 149
59 151
59 158
59 159
59 163
59 165
59 167
59 170
59 174
59 175
59 177
59 178
59 180
59 183
59 184
59 187
59 188
59 192
59 194
59 202
59 208
59 211
59 215
59 219
59 220
59 225
59 226
59 229
59 231
59 233
59 234
59 239
59 241
59 244
59 246
59 247
59 250
59 254
59 256
59 261
59 264
59 270
59 271
59 277
59 278
59 283
59 284
59 286
59 287
59 288
59 289
59 290
59 294
59 296
59 298
59 299
60 61
60 63
60 69
60 70
60 72
60 73
60 74
60 78
60 82
60 90
60 91
60 95
60 96
60 97
60 102
60 105
60 107
60 108
60 109
60 111
60 112
60 114
60 115
60 119
60 120
60 121
60 123
60 128
60 129
60 133
60 134
60 135
60 141
60 145
60 146
60 155
60 157
60 160
60 163
60 165
60 167
60 168
60 170
60 173
60 177
60 187
60 195
60 201
60 204
60 205
60 209
60 212
60 216
60 217
60 218
60 220
60 225
60 228
60 245
60 246
60 248
60 249
60 250
60 251
60 259
60 260
60 266
60 268
60 270
60 281
60 283
60 289
60 296
61 63
61 66
61 67
61 72
61 77
61 78
61 79
61 81
61 83
61 85
61 86
61 91
61 97
61 98
61 100
61 103
61 109
61 112
61 116
61 118
61 120
61 121
61 139
61 143
61 144
61 145
61 155
61 166
61 170
61 173
61 176
61 179
61 182
61 185
61 192
61 203
61 205
61 206
61 214
61 217
61 222
61 223
61 227
61 229
61 246
61 249
61 253
61 260
61 266
61 267
61 270
61 272
61 274
61 275
61 278
61 287
61 298
62 63
62 64
62 70
62 71
62 74
62 76
62 78
62 81
62 84
62 86
62 98
62 100
62 105
62 109
62 113
62 114
62 117
62 118
62 119
62 121
62 131
62 132
62 134
62 136
62 145
62 146
62 155
62 159
62 160
62 162
62 164
62 166
62 167
62 168
62 169
62 170
62 171
62 176
62 177
62 178
62 180
62 182
62 184
62 188
62 190
62 193
62 197
62 198
62 199
62 203
62 204
62 206
62 210
62 213
62 216
62 217
62 219
62 222
62 229
62 231
62 235
62 238
62 246
62 250
62 254
62 257
62 259
62 262
62 264
62 270
62 271
62 275
62 277
62 280
62 285
62 292
62 294
62 299
63 64
63 66
63 72
63 76
63 81
63 84
63 86
63 87
63 90
63 97
63 99
63 102
63 103
63 110
63 111
63 113
63 123
63 124
63 125
63 126
63 131
63 132
63 136
63 137
63 141
63 145
63 155
63 171
63 177
63 182
63 183
63 197
63 200
63 206
63 211
63 214
63 222
63 227
63 228
63 230
63 232
63 237
63 240
63 241
63 242
63 243
63 250
63 251
63 253
63 256
63 259
63 264
63 267
63 268
63 272
63 273
63 274
63 275
63 280
63 287
63 288
63 289
63 291
63 292
64 66
64 72
64 74
64 75
64 77
64 78
64 82
64 83
64 84
64 85
64 90
64 93
64 98
64 101
64 102
64 104
64 105
64 108
64 112
64 116
64 122
64 126
64 127
64 131
64 133
64 136
64 137
64 146
64 153
64 154
64 158
64 166
64 168
64 170
64 171
64 172
64 173
64 175
64 176
64 184
64 185
64 189
64 196
64 210
64 212
64 214
64 218
64 220
64 221
64 228
64 231
64 232
64 233
64 235
64 238
64 241
64 242
64 247
64 251
64 254
64 258
64 263
64 266
64 267
64 271
64 278
64 281
64 284
64 287
64 288
64 297
64 298
65 69
65 78
65 81
65 83
65 84
65 89
65 99
65 100
65 102
65 103
65 104
65 106
65 108
65 109
65 115
65 125
65 127
65 128
65 131
65 132
65 136
65 137
65 138
65 141
65 145
65 147
65 148
65 150
65 152
65 156
65 158
65 163
65 165
65 172
65 174
65 177
65 178
65 179
65 182
65 184
65 186
65 189
65 190
65 191
65 195
65 199
65 203
65 206
65 207
65 211
65 221
65 225
65 228
65 238
65 240
65 242
65 243
65 250
65 261
65 263
65 270
65 271
65 275
65 276
65 277
65 280
65 281
65 286
65 287
65 288
65 289
65 292
65 294
65 296
65 297
66 69
66 70
66 76
66 83
66 86
66 87
66 88
66 89
66 94
66 103
66 104
66 106
66 109
66 112
66 115
66 118
66 120
66 121
66 123
66 124
66 125
66 127
66 131
66 132
66 133
66 134
66 136
66 139
66 143
66 152
66 153
66 155
66 158
66 163
66 166
66 182
66 185
66 186
66 187
66 189
66 194
66 200
66 206
66 207
66 210
66 212
66 213
66 214
66 219
66 225
66 229
66 230
66 231
66 232
66 233
66 235
66 236
66 241
66 249
66 251
66 254
66 258
66 267
66 275
66 279
66 282
66 284
66 286
66 288
66 290
66 293
66 295
66 299
67 68
67 71
67 73
67 74
67 78
67 80
67 86
67 93
67 101
67 102
67 109
67 110
67 114
67 116
67 121
67 124
67 127
67 128
67 130
67 137
67 145
67 147
67 148
67 156
67 171
67 175
67 176
67 177
67 179
67 181
67 182
67 184
67 185
67 186
67 189
67 191
67 201
67 202
67 204
67 207
67 214
67 216
67 224
67 229
67 234
67 238
67 240
67 242
67 244
67 247
67 248
67 249
67 250
67 252
67 256
67 260
67 262
67 271
67 272
67 273
67 275
67 277
67 280
67 285
67 286
67 288
67 291
67 293
67 299
68 69
68 76
68 80
68 82
68 83
68 86
68 88
68 89
68 94
68 98
68 107
68 116
68 118
68 124
68 125
68 126
68 128
68 134
68 138
68 140
68 141
68 146
68 153
68 154
68 156
68 157
68 159
68 160
68 170
68 171
68 172
68 174
68 175
68 178
68 183
68 186
68 187
68 197
68 198
68 201
68 207
68 210
68 217
68 224
68 227
68 229
68 233
68 236
68 237
68 240
68 245
68 249
68 256
68 262
68 265
68 268
68 269
68 270
68 280
68 282
68 286
68 287
68 293
68 295
68 297
69 72
69 76
69 77
69 79
69 80
69 86
69 89
69 90
69 92
69 97
69 98
69 99
69 103
69 105
69 108
69 110
69 115
69 118
69 126
69 128
69 134
69 135
69 140
69 141
69 142
69 149
69 154
69 156
69 163
69 164
69 165
69 167
69 168
69 170
69 175
69 180
69 181
69 190
69 191
69 194
69 205
69 207
69 212
69 214
69 215
69 216
69 218
69 223
69 224
69 227
69 230
69 231
69 236
69 246
69 250
69 251
69 254
69 258
69 263
69 265
69 270
69 271
69 272
69 278
69 279
69 280
69 284
69 294
69 296
69 297
69 298
70 73
70 74
70 76
70 78
70 80
70 81
70 82
70 84
70 85
70 87
70 91
70 95
70 100
70 103
70 105
70 112
70 113
70 122
70 125
70 128
70 129
70 132
70 135
70 137
70 140
70 142
70 149
70 150
70 152
70 153
70 156
70 158
70 159
70 161
70 162
70 164
70 166
70 167
70 172
70 175
70 178
70 179
70 180
70 181
70 184
70 186
70 189
70 192
70 193
70 197
70 206
70 207
70 216
70 219
70 220
70 221
70 223
70 227
70 229
70 236
70 237
70 239
70 240
70 242
70 245
70 247
70 250
70 256
70 260
70 266
70 270
70 276
70 278
70 281
70 284
70 290
70 291
70 296
70 297
71 73
71 86
71 88
71 91
71 95
71 99
71 104
71 111
71 112
71 113
71 121
71 123
71 126
71 134
71 138
71 142
71 145
71 146
71 151
71 154
71 157
71 158
71 165
71 171
71 173
71 177
71 184
71 185
71 187
71 188
71 197
71 198
71 202
71 203
71 206
71 214
71 217
71 218
71 219
71 223
71 224
71 225
71 227
71 228
71 229
71 236
71 237
71 238
71 239
71 242
71 243
71 244
71 245
71 247
71 255
71 256
71 261
71 262
71 269
71 270
71 271
71 275
71 279
71 283
71 284
71 288
71 290
71 291
71 294
71 296
71 297
71 298
71 299
72 73
72 75
72 77
72 79
72 81
72 83
72 85
72 86
72 91
72 100
72 102
72 103
72 105
72 109
72 117
72 121
72 125
72 126
72 129
72 131
72 133
72 134
72 143
72 148
72 151
72 163
72 166
72 172
72 173
72 182
72 183
72 186
72 188
72 189
72 190
72 196
72 197
72 202
72 203
72 204
72 208
72 217
72 218
72 225
72 228
72 231
72 236
72 246
72 250
72 251
72 260
72 263
72 266
72 270
72 271
72 274
72 275
72 279
72 285
72 287
72 295
73 74
73 76
73 78
73 82
73 84
73 93
73 96
73 98
73 99
73 100
73 103
73 106
73 108
73 110
73 112
73 114
73 116
73 118
73 119
73 126
73 128
73 132
73 133
73 138
73 139
73 142
73 145
73 158
73 160
73 164
73 166
73 175
73 180
73 184
73 185
73 186
73 188
73 195
73 198
73 200
73 202
73 208
73 211
73 214
73 217
73 219
73 220
73 225
73 226
73 227
73 238
73 239
73 242
73 243
73 245
73 249
73 255
73 257
73 268
73 278
73 285
73 287
73 292
73 297
73 298
74 75
74 81
74 82
74 86
74 89
74 92
74 93
74 101
74 104
74 105
74 106
74 109
74 111
74 112
74 114
74 115
74 117
74 121
74 124
74 126
74 127
74 128
74 131
74 132
74 134
74 135
74 137
74 140
74 142
74 143
74 144
74 145
74 151
74 153
74 159
74 170
74 181
74 184
74 185
74 188
74 194
74 197
74 200
74 202
74 205
74 207
74 208
74 211
74 217
74 218
74 225
74 227
74 229
74 230
74 231
74 232
74 234
74 235
74 237
74 239
74 243
74 248
74 252
74 253
74 256
74 259
74 261
74 264
74 267
74 285
74 286
74 287
74 289
74 291
74 295
74 297
74 299
75 79
75 81
75 85
75 86
75 90
75 92
75 94
75 99
75 112
75 116
75 117
75 118
75 120
75 121
75 123
75 131
75 132
75 137
75 141
75 147
75 150
75 161
75 162
75 165
75 167
75 168
75 170
75 176
75 177
75 178
75 180
75 182
75 183
75 184
75 185
75 193
75 194
75 195
75 197
75 200
75 202
75 203
75 205
75 206
75 207
75 210
75 212
75 215
75 218
75 219
75 221
75 224
75 227
75 230
75 234
75 235
75 237
75 244
75 246
75 247
75 250
75 252
75 254
75 256
75 260
75 268
75 270
75 273
75 275
75 279
75 284
75 285
75 289
75 290
75 293
75 295
75 297
75 298
76 78
76 80
76 86
76 88
76 89
76 91
76 93
76 94
76 95
76 97
76 103
76 106
76 109
76 113
76 114
76 117
76 120
76 125
76 131
76 132
76 133
76 134
76 137
76 140
76 141
76 149
76 151
76 152
76 154
76 159
76 163
76 165
76 171
76 172
76 176
76 183
76 184
76 185
76 188
76 193
76 195
76 203
76 206
76 223
76 225
76 226
76 227
76 231
76 237
76 240
76 246
76 252
76 255
76 260
76 262
76 263
76 273
76 274
76 281
76 282
76 283
76 284
76 291
76 293
76 296
76 297
76 299
77 78
77 85
77 86
77 88
77 95
77 104
77 105
77 106
77 108
77 109
77 110
77 115
77 117
77 125
77 128
77 129
77 131
77 133
77 138
77 140
77 147
77 155
77 162
77 163
77 165
77 168
77 171
77 176
77 184
77 188
77 190
77 192
77 195
77 196
77 199
77 201
77 203
77 206
77 217
77 223
77 224
77 227
77 238
77 241
77 246
77 253
77 254
77 255
77 256
77 258
77 259
77 260
77 261
77 263
77 265
77 277
77 280
77 284
77 290
77 293
77 294
77 295
78 79
78 82
78 85
78 86
78 91
78 92
78 94
78 97
78 104
78 106
78 108
78 110
78 112
78 113
78 119
78 120
78 121
78 124
78 131
78 132
78 135
78 137
78 143
78 145
78 148
78 151
78 157
78 165
78 171
78 173
78 175
78 176
78 178
78 179
78 180
78 183
78 184
78 187
78 188
78 189
78 190
78 196
78 199
78 207
78 208
78 213
78 215
78 216
78 217
78 218
78 223
78 226
78 228
78 230
78 236
78 242
78 244
78 245
78 247
78 248
78 258
78 259
78 274
78 280
78 283
78 285
78 288
78 289
78 290
78 292
78 296
79 87
79 96
79 98
79 113
79 119
79 120
79 121
79 123
79 124
79 127
79 128
79 133
79 135
79 137
79 143
79 144
79 146
79 160
79 161
79 162
79 164
79 171
79 174
79 178
79 183
79 190
79 193
79 202
79 211
79 219
79 225
79 228
79 232
79 233
79 241
79 242
79 244
79 246
79 248
79 249
79 250
79 255
79 264
79 266
79 270
79 273
79 274
79 276
79 280
79 281
79 291
79 296
79 297
79 298
80 83
80 86
80 87
80 88
80 98
80 99
80 103
80 105
80 109
80 110
80 113
80 114
80 122
80 127
80 130
80 132
80 139
80 144
80 145
80 159
80 163
80 167
80 170
80 171
80 172
80 179
80 185
80 188
80 196
80 206
80 207
80 208
80 212
80 228
80 231
80 233
80 235
80 237
80 238
80 239
80 244
80 245
80 246
80 247
80 253
80 256
80 257
80 261
80 262
80 275
80 279
80 280
80 289
80 292
80 294
80 296
81 83
81 91
81 92
81 93
81 98
81 105
81 106
81 108
81 113
81 115
81 116
81 117
81 121
81 133
81 138
81 152
81 153
81 158
81 175
81 176
81 181
81 190
81 194
81 195
81 198
81 200
81 206
81 210
81 211
81 215
81 220
81 222
81 224
81 230
81 232
81 233
81 237
81 243
81 245
81 246
81 247
81 257
81 258
81 260
81 262
81 264
81 272
81 277
81 285
81 287
81 291
81 293
81 294
81 295
81 296
81 298
82 86
82 89
82 90
82 91
82 93
82 97
82 99
82 103
82 107
82 109
82 110
82 111
82 113
82 116
82 120
82 121
82 123
82 125
82 128
82 129
82 135
82 139
82 140
82 144
82 148
82 154
82 164
82 170
82 173
82 174
82 175
82 176
82 177
82 178
82 180
82 186
82 190
82 192
82 193
82 199
82 203
82 206
82 209
82 210
82 215
82 219
82 223
82 224
82 226
82 227
82 230
82 232
82 235
82 239
82 245
82 248
82 249
82 258
82 262
82 267
82 268
82 270
82 271
82 274
82 277
82 280
82 285
82 297
83 90
83 92
83 99
83 103
83 104
83 111
83 113
83 115
83 120
83 126
83 141
83 143
83 144
83 148
83 150
83 154
83 155
83 158
83 163
83 164
83 166
83 168
83 169
83 178
83 181
83 183
83 184
83 187
83 193
83 197
83 201
83 209
83 216
83 218
83 229
83 236
83 242
83 243
83 247
83 249
83 253
83 256
83 259
83 260
83 261
83 262
83 264
83 266
83 267
83 269
83 273
83 274
83 282
83 284
83 295
84 87
84 88
84 90
84 92
84 93
84 96
84 106
84 113
84 120
84 122
84 123
84 124
84 128
84 130
84 136
84 138
84 140
84 141
84 143
84 145
84 148
84 149
84 154
84 163
84 166
84 171
84 174
84 175
84 176
84 178
84 181
84 183
84 185
84 188
84 189
84 190
84 192
84 193
84 195
84 196
84 198
84 202
84 204
84 206
84 207
84 209
84 211
84 212
84 213
84 216
84 218
84 219
84 220
84 224
84 225
84 231
84 234
84 235
84 238
84 246
84 247
84 251
84 252
84 253
84 266
84 269
84 274
84 280
84 292
84 299
85 86
85 88
85 91
85 96
85 98
85 102
85 105
85 107
85 113
85 114
85 116
85 125
85 127
85 137
85 138
85 143
85 150
85 153
85 158
85 160
85 161
85 165
85 172
85 174
85 176
85 178
85 179
85 185
85 186
85 196
85 200
85 201
85 206
85 211
85 216
85 217
85 220
85 221
85 225
85 229
85 232
85 243
85 247
85 248
85 253
85 256
85 264
85 269
85 271
85 272
85 280
85 284
85 286
85 287
85 288
85 290
85 292
85 299
86 87
86 88
86 91
86 98
86 99
86 100
86 101
86 108
86 109
86 110
86 112
86 113
86 116
86 118
86 122
86 123
86 124
86 125
86 127
86 138
86 143
86 145
86 150
86 151
86 158
86 160
86 161
86 165
86 167
86 168
86 169
86 172
86 177
86 179
86 185
86 186
86 196
86 198
86 200
86 201
86 203
86 209
86 211
86 212
86 214
86 217
86 224
86 226
86 230
86 231
86 237
86 240
86 242
86 244
86 249
86 250
86 251
86 257
86 261
86 262
86 271
86 272
86 274
86 276
86 284
86 289
86 292
86 297
87 94
87 100
87 104
87 105
87 108
87 109
87 111
87 113
87 115
87 116
87 122
87 125
87 127
87 139
87 140
87 141
87 146
87 149
87 150
87 152
87 153
87 155
87 158
87 160
87 165
87 168
87 170
87 174
87 176
87 193
87 196
87 199
87 203
87 205
87 207
87 210
87 211
87 213
87 219
87 227
87 228
87 230
87 240
87 241
87 247
87 248
87 254
87 256
87 258
87 259
87 261
87 265
87 268
87 271
87 273
87 281
87 285
87 286
87 292
87 293
87 299
88 93
88 99
88 102
88 105
88 106
88 114
88 116
88 117
88 122
88 125
88 126
88 133
88 134
88 137
88 139
88 142
88 143
88 146
88 147
88 148
88 149
88 150
88 154
88 155
88 156
88 158
88 169
88 176
88 186
88 190
88 192
88 193
88 195
88 198
88 202
88 204
88 205
88 206
88 209
88 216
88 218
88 220
88 222
88 223
88 226
88 230
88 231
88 240
88 247
88 248
88 256
88 261
88 269
88 271
88 272
88 280
88 282
88 285
88 287
88 289
88 290
88 292
88 294
88 296
88 299
89 91
89 95
89 97
89 101
89 102
89 103
89 104
89 107
89 112
89 116
89 122
89 124
89 126
89 127
89 130
89 132
89 133
89 135
89 144
89 147
89 155
89 162
89 163
89 164
89 167
89 172
89 173
89 177
89 183
89 186
89 189
89 192
89 194
89 195
89 198
89 200
89 203
89 204
89 207
89 210
89 214
89 217
89 218
89 221
89 222
89 224
89 226
89 227
89 228
89 229
89 231
89 240
89 248
89 251
89 253
89 255
89 256
89 260
89 262
89 263
89 264
89 265
89 269
89 270
89 274
89 277
89 281
89 283
89 287
89 288
89 293
89 295
89 296
90 97
90 100
90 104
90 105
90 106
90 107
90 108
90 109
90 112
90 116
90 124
90 129
90 130
90 133
90 140
90 141
90 142
90 145
90 148
90 158
90 160
90 162
90 163
90 164
90 167
90 169
90 171
90 175
90 178
90 183
90 186
90 188
90 195
90 200
90 204
90 206
90 209
90 211
90 214
90 220
90 224
90 225
90 229
90 231
90 233
90 234
90 235
90 237
90 242
90 243
90 244
90 245
90 247
90 248
90 253
90 254
90 255
90 264
90 273
90 274
90 280
90 284
90 288
90 292
90 293
90 295
90 299
91 97
91 99
91 100
91 102
91 112
91 113
91 116
91 118
91 122
91 123
91 125
91 129
91 130
91 134
91 144
91 145
91 147
91 153
91 159
91 160
91 162
91 163
91 168
91 169
91 170
91 171
91 174
91 179
91 191
91 195
91 197
91 199
91 201
91 202
91 203
91 204
91 205
91 211
91 215
91 216
91 224
91 225
91 226
91 227
91 231
91 233
91 235
91 236
91 237
91 238
91 244
91 245
91 256
91 257
91 261
91 262
91 270
91 276
91 278
91 280
91 283
91 286
91 289
91 293
91 295
91 297
91 298
92 94
92 98
92 102
92 104
92 105
92 106
92 109
92 111
92 117
92 120
92 123
92 125
92 127
92 129
92 130
92 134
92 136
92 137
92 142
92 149
92 151
92 153
92 162
92 164
92 165
92 174
92 181
92 185
92 188
92 189
92 192
92 194
92 196
92 203
92 206
92 211
92 215
92 218
92 222
92 225
92 226
92 234
92 242
92 243
92 254
92 255
92 259
92 261
92 266
92 268
92 269
92 272
92 273
92 274
92 275
92 278
92 281
92 283
92 289
92 292
92 297
92 299
93 94
93 97
93 98
93 102
93 106
93 108
93 109
93 114
93 115
93 118
93 119
93 121
93 124
93 133
93 145
93 149
93 150
93 158
93 160
93 161
93 162
93 163
93 164
93 165
93 166
93 167
93 168
93 170
93 172
93 175
93 181
93 182
93 191
93 192
93 194
93 196
93 197
93 207
93 211
93 213
93 229
93 230
93 232
93 233
93 235
93 238
93 242
93 251
93 252
93 257
93 258
93 260
93 262
93 263
93 264
93 271
93 272
93 281
93 282
93 284
93 285
93 288
93 294
94 96
94 97
94 98
94 102
94 104
94 108
94 111
94 115
94 119
94 120
94 121
94 122
94 124
94 126
94 129
94 130
94 131
94 135
94 137
94 144
94 147
94 150
94 151
94 156
94 160
94 163
94 165
94 166
94 171
94 174
94 177
94 179
94 181
94 188
94 194
94 197
94 200
94 201
94 207
94 211
94 213
94 219
94 225
94 229
94 230
94 232
94 234
94 241
94 248
94 250
94 257
94 264
94 266
94 270
94 271
94 272
94 273
94 275
94 280
94 282
94 284
94 286
94 288
94 289
94 290
95 96
95 98
95 99
95 101
95 105
95 111
95 116
95 117
95 121
95 124
95 125
95 130
95 133
95 135
95 136
95 138
95 140
95 142
95 145
95 149
95 153
95 154
95 159
95 162
95 165
95 166
95 169
95 173
95 176
95 178
95 180
95 181
95 182
95 191
95 192
95 195
95 196
95 198
95 200
95 201
95 202
95 206
95 210
95 211
95 215
95 218
95 219
95 220
95 223
95 227
95 228
95 231
95 247
95 249
95 250
95 255
95 258
95 259
95 260
95 267
95 273
95 276
95 278
95 283
95 284
95 285
95 286
95 291
95 296
95 297
96 98
96 99
96 100
96 102
96 105
96 113
96 115
96 116
96 123
96 124
96 130
96 132
96 134
96 136
96 138
96 139
96 140
96 146
96 152
96 156
96 162
96 166
96 168
96 175
96 176
96 178
96 179
96 180
96 181
96 186
96 187
96 189
96 190
96 195
96 198
96 203
96 205
96 210
96 212
96 213
96 218
96 223
96 234
96 235
96 241
96 244
96 248
96 252
96 254
96 255
96 259
96 260
96 271
96 273
96 276
96 277
96 279
96 283
96 287
96 290
96 294
97 98
97 104
97 105
97 109
97 117
97 121
97 122
97 123
97 124
97 126
97 128
97 130
97 136
97 140
97 142
97 145
97 149
97 150
97 158
97 159
97 161
97 164
97 165
97 166
97 168
97 176
97 179
97 182
97 183
97 187
97 190
97 191
97 193
97 195
97 199
97 201
97 208
97 210
97 217
97 220
97 224
97 240
97 242
97 250
97 252
97 253
97 254
97 255
97 256
97 276
97 277
97 280
97 288
97 296
97 298
98 100
98 103
98 105
98 122
98 123
98 125
98 126
98 130
98 132
98 139
98 144
98 145
98 148
98 149
98 151
98 153
98 157
98 158
98 160
98 163
98 166
98 169
98 173
98 174
98 176
98 190
98 191
98 192
98 193
98 195
98 199
98 202
98 209
98 211
98 212
98 214
98 216
98 219
98 225
98 226
98 228
98 230
98 231
98 232
98 234
98 250
98 255
98 259
98 260
98 264
98 276
98 285
98 290
98 293
98 295
98 297
98 298
99 103
99 105
99 106
99 107
99 115
99 117
99 119
99 120
99 125
99 129
99 133
99 135
99 136
99 137
99 143
99 147
99 148
99 149
99 150
99 153
99 154
99 158
99 159
99 165
99 166
99 171
99 172
99 173
99 174
99 179
99 180
99 182
99 183
99 184
99 186
99 191
99 196
99 197
99 199
99 203
99 204
99 206
99 208
99 209
99 215
99 216
99 221
99 222
99 238
99 243
99 246
99 248
99 254
99 258
99 259
99 263
99 264
99 265
99 266
99 267
99 268
99 269
99 273
99 278
99 279
99 280
99 281
99 284
99 286
99 290
99 291
100 106
100 115
100 121
100 129
100 135
100 141
100 142
100 152
100 156
100 157
100 164
100 165
100 166
100 173
100 175
100 179
100 182
100 185
100 191
100 192
100 193
100 195
100 197
100 199
100 207
100 211
100 212
100 213
100 214
100 218
100 222
100 223
100 225
100 231
100 237
100 239
100 241
100 242
100 244
100 247
100 249
100 253
100 255
100 256
100 262
100 263
100 265
100 267
100 270
100 274
100 275
100 277
100 284
100 285
100 288
100 289
100 292
100 298
100 299
101 104
101 106
101 107
101 108
101 118
101 120
101 122
101 123
101 124
101 127
101 133
101 134
101 135
101 151
101 155
101 157
101 160
101 163
101 168
101 169
101 171
101 173
101 175
101 176
101 180
101 181
101 185
101 188
101 190
101 193
101 195
101 196
101 200
101 203
101 208
101 212
101 220
101 222
101 223
101 226
101 228
101 229
101 232
101 238
101 242
101 243
101 252
101 254
101 258
101 261
101 262
101 265
101 266
101 273
101 278
101 281
101 295
101 298
102 103
102 108
102 116
102 118
102 125
102 129
102 130
102 134
102 151
102 153
102 156
102 158
102 165
102 166
102 167
102 173
102 175
102 177
102 179
102 182
102 183
102 184
102 186
102 189
102 199
102 206
102 210
102 213
102 214
102 217
102 218
102 220
102 221
102 224
102 230
102 233
102 234
102 235
102 239
102 248
102 249
102 257
102 258
102 264
102 267
102 269
102 279
102 280
102 283
102 284
102 287
102 294
103 112
103 116
103 119
103 123
103 124
103 125
103 126
103 127
103 130
103 137
103 139
103 140
103 145
103 146
103 148
103 149
103 150
103 159
103 160
103 174
103 177
103 184
103 187
103 190
103 200
103 205
103 209
103 214
103 215
103 216
103 217
103 222
103 223
103 224
103 225
103 227
103 243
103 248
103 249
103 251
103 252
103 253
103 254
103 256
103 265
103 267
103 271
103 275
103 277
103 282
103 284
103 285
103 286
103 289
103 293
103 297
103 298
103 299
104 108
104 111
104 114
104 115
104 118
104 124
104 127
104 130
104 134
104 138
104 141
104 147
104 149
104 158
104 162
104 163
104 166
104 168
104 170
104 176
104 179
104 180
104 181
104 197
104 199
104 200
104 208
104 214
104 220
104 221
104 224
104 226
104 227
104 228
104 230
104 231
104 234
104 236
104 237
104 239
104 242
104 247
104 248
104 250
104 255
104 260
104 268
104 270
104 277
104 282
104 283
104 290
104 299
105 106
105 108
105 109
105 111
105 123
105 128
105 139
105 142
105 150
105 152
105 157
105 169
105 176
105 180
105 187
105 189
105 192
105 193
105 196
105 198
105 202
105 203
105 204
105 207
105 212
105 219
105 224
105 230
105 234
105 237
105 244
105 247
105 250
105 252
105 255
105 258
105 265
105 268
105 274
105 278
105 280
105 291
105 295
106 109
106 112
106 117
106 129
106 130
106 133
106 134
106 135
106 139
106 144
106 145
106 160
106 167
106 169
106 171
106 172
106 175
106 179
106 182
106 183
106 186
106 188
106 189
106 190
106 199
106 205
106 206
106 207
106 208
106 217
106 220
106 221
106 226
106 227
106 232
106 236
106 246
106 254
106 256
106 257
106 260
106 262
106 264
106 275
106 277
106 279
106 281
106 282
106 291
106 294
106 298
107 109
107 115
107 120
107 121
107 125
107 128
107 129
107 131
107 132
107 134
107 135
107 145
107 149
107 154
107 159
107 163
107 165
107 167
107 169
107 171
107 177
107 179
107 186
107 190
107 198
107 202
107 207
107 209
107 215
107 219
107 222
107 223
107 226
107 228
107 241
107 243
107 247
107 255
107 256
107 266
107 269
107 270
107 272
107 278
107 279
107 282
107 287
107 298
108 117
108 120
108 121
108 126
108 127
108 129
108 133
108 134
108 137
108 141
108 147
108 150
108 158
108 161
108 164
108 165
108 166
108 172
108 174
108 179
108 188
108 191
108 192
108 197
108 201
108 202
108 207
108 211
108 214
108 216
108 217
108 220
108 226
108 229
108 230
108 233
108 244
108 248
108 250
108 251
108 254
108 256
108 257
108 258
108 260
108 261
108 266
108 269
108 275
108 276
108 277
108 280
108 283
108 287
108 289
108 290
108 294
108 295
108 298
108 299
109 110
109 114
109 116
109 117
109 120
109 121
109 122
109 126
109 129
109 131
109 136
109 142
109 145
109 152
109 154
109 156
109 158
109 161
109 170
109 172
109 179
109 181
109 182
109 183
109 188
109 194
109 199
109 201
109 202
109 208
109 210
109 211
109 220
109 222
109 227
109 228
109 233
109 236
109 237
109 241
109 246
109 251
109 253
109 258
109 260
109 261
109 262
109 263
109 264
109 267
109 273
109 279
109 281
109 286
109 291
109 293
109 299
110 111
110 112
110 113
110 114
110 117
110 118
110 119
110 124
110 125
110 127
110 130
110 132
110 133
110 138
110 140
110 142
110 143
110 145
110 154
110 155
110 166
110 168
110 169
110 172
110 173
110 176
110 178
110 184
110 202
110 205
110 211
110 212
110 213
110 216
110 217
110 218
110 221
110 223
110 224
110 225
110 227
110 229
110 232
110 233
110 238
110 239
110 253
110 256
110 260
110 262
110 272
110 273
110 277
110 285
110 286
110 289
110 291
110 292
110 297
111 121
111 128
111 129
111 131
111 132
111 133
111 136
111 138
111 146
111 148
111 153
111 155
111 158
111 159
111 163
111 164
111 165
111 167
111 169
111 171
111 172
111 175
111 176
111 179
111 181
111 183
111 187
111 189
111 191
111 195
111 198
111 205
111 207
111 216
111 219
111 222
111 223
111 225
111 231
111 232
111 234
111 240
111 244
111 245
111 247
111 251
111 252
111 255
111 256
111 258
111 262
111 266
111 268
111 270
111 276
111 282
111 283
111 289
111 290
111 294
111 297
112 115
112 118
112 125
112 140
112 146
112 156
112 165
112 167
112 169
112 177
112 178
112 180
112 182
112 188
112 190
112 196
112 197
112 200
112 205
112 207
112 212
112 215
112 217
112 219
112 221
112 228
112 229
112 232
112 237
112 239
112 243
112 245
112 246
112 252
112 254
112 255
112 257
112 260
112 262
112 264
112 267
112 268
112 271
112 273
112 274
112 275
112 290
112 294
112 296
113 118
113 119
113 121
113 126
113 130
113 132
113 133
113 134
113 136
113 137
113 141
113 147
113 150
113 151
113 153
113 154
113 163
113 168
113 169
113 170
113 175
113 179
113 181
113 182
113 188
113 196
113 199
113 200
113 201
113 204
113 212
113 215
113 216
113 220
113 227
113 232
113 233
113 235
113 237
113 238
113 242
113 243
113 249
113 254
113 256
113 265
113 266
113 267
113 273
113 275
113 281
113 285
113 286
113 294
113 296
114 117
114 121
114 126
114 127
114 128
114 129
114 132
114 136
114 138
114 139
114 143
114 144
114 148
114 151
114 154
114 155
114 164
114 168
114 169
114 170
114 173
114 178
114 180
114 183
114 184
114 187
114 188
114 192
114 193
114 196
114 198
114 199
114 201
114 203
114 206
114 212
114 215
114 218
114 220
114 223
114 224
114 226
114 228
114 230
114 232
114 234
114 238
114 241
114 245
114 247
114 248
114 258
114 259
114 263
114 269
114 271
114 272
114 274
114 276
114 279
114 282
114 285
114 286
114 288
114 289
114 291
114 295
114 296
115 118
115 122
115 123
115 125
115 130
115 132
115 134
115 136
115 137
115 140
115 141
115 145
115 148
115 149
115 151
115 152
115 153
115 160
115 166
115 167
115 168
115 170
115 172
115 175
115 176
115 180
115 181
115 183
115 188
115 189
115 196
115 198
115 200
115 201
115 204
115 212
115 213
115 214
115 215
115 217
115 219
115 222
115 224
115 229
115 236
115 241
115 244
115 247
115 248
115 249
115 251
115 254
115 255
115 256
115 257
115 258
115 266
115 267
115 268
115 275
115 276
115 277
115 280
115 281
115 288
115 291
115 294
115 297
115 298
115 299
116 119
116 123
116 125
116 128
116 130
116 131
116 133
116 136
116 139
116 140
116 144
116 152
116 154
116 156
116 161
116 162
116 163
116 168
116 170
116 171
116 172
116 175
116 176
116 180
116 188
116 191
116 195
116 199
116 208
116 216
116 217
116 222
116 225
116 226
116 236
116 245
116 247
116 250
116 251
116 252
116 253
116 256
116 258
116 259
116 267
116 269
116 273
116 275
116 286
116 290
117 121
117 122
117 124
117 125
117 131
117 133
117 136
117 137
117 142
117 152
117 160
117 168
117 176
117 180
117 182
117 186
117 194
117 195
117 196
117 198
117 200
117 201
117 206
117 207
117 217
117 219
117 223
117 225
117 226
117 232
117 236
117 248
117 255
117 262
117 264
117 267
117 269
117 270
117 279
117 280
117 281
117 282
117 284
117 285
117 288
117 298
118 120
118 121
118 122
118 126
118 130
118 133
118 142
118 145
118 149
118 150
118 153
118 155
118 156
118 158
118 171
118 173
118 178
118 179
118 181
118 182
118 183
118 193
118 203
118 204
118 210
118 211
118 215
118 219
118 223
118 230
118 231
118 233
118 235
118 239
118 240
118 245
118 247
118 254
118 256
118 257
118 258
118 260
118 265
118 270
118 274
118 278
118 279
118 282
118 288
118 292
118 294
118 297
118 299
119 122
119 126
119 132
119 141
119 147
119 151
119 153
119 161
119 163
119 169
119 174
119 175
119 178
119 182
119 185
119 189
119 199
119 200
119 201
119 209
119 225
119 228
119 229
119 246
119 248
119 252
119 254
119 256
119 260
119 262
119 264
119 267
119 271
119 272
119 273
119 275
119 278
119 280
119 282
119 283
119 288
119 290
119 293
119 294
119 295
119 297
120 123
120 124
120 131
120 134
120 135
120 136
120 137
120 140
120 144
120 147
120 154
120 162
120 163
120 164
120 165
120 167
120 168
120 176
120 181
120 185
120 188
120 191
120 192
120 194
120 195
120 197
120 198
120 200
120 201
120 202
120 205
120 209
120 210
120 213
120 214
120 218
120 219
120 227
120 230
120 231
120 232
120 239
120 241
120 245
120 251
120 256
120 257
120 259
120 261
120 263
120 264
120 266
120 267
120 269
120 271
120 272
120 275
120 277
120 287
120 292
120 294
120 296
120 297
120 298
120 299
121 122
121 125
121 129
121 131
121 132
121 134
121 137
121 138
121 139
121 145
121 146
121 148
121 150
121 151
121 152
121 154
121 158
121 162
121 163
121 165
121 169
121 177
121 181
121 183
121 185
121 186
121 187
121 190
121 192
121 193
121 196
121 197
121 198
121 203
121 217
121 235
121 241
121 242
121 243
121 244
121 246
121 253
121 255
121 256
121 257
121 261
121 263
121 265
121 273
121 275
121 279
121 280
121 284
121 285
121 287
121 292
121 296
121 297
121 298
122 129
122 131
122 135
122 136
122 142
122 143
122 144
122 147
122 149
122 153
122 154
122 158
122 163
122 170
122 171
122 176
122 177
122 179
122 180
122 181
122 182
122 183
122 184
122 189
122 190
122 192
122 198
122 200
122 201
122 203
122 206
122 208
122 216
122 218
122 219
122 220
122 222
122 223
122 227
122 230
122 236
122 237
122 238
122 245
122 248
122 249
122 255
122 256
122 258
122 262
122 264
122 268
122 269
122 279
122 280
122 283
122 286
122 290
122 292
122 295
122 297
122 299
123 125
123 128
123 129
123 136
123 140
123 145
123 158
123 162
123 166
123 167
123 169
123 170
123 176
123 180
123 187
123 193
123 195
123 196
123 198
123 201
123 206
123 207
123 208
123 215
123 218
123 225
123 227
123 228
123 229
123 233
123 243
123 246
123 249
123 251
123 253
123 256
123 259
123 260
123 263
123 266
123 274
123 280
123 281
123 283
123 284
123 290
123 292
124 132
124 134
124 135
124 145
124 160
124 161
124 163
124 168
124 170
124 176
124 180
124 182
124 185
124 190
124 195
124 203
124 205
124 207
124 223
124 224
124 225
124 230
124 231
124 232
124 238
124 239
124 244
124 248
124 258
124 262
124 266
124 267
124 269
124 281
124 283
124 285
124 289
124 291
125 127
125 136
125 137
125 143
125 146
125 148
125 149
125 150
125 155
125 157
125 158
125 159
125 160
125 161
125 164
125 167
125 168
125 170
125 171
125 175
125 177
125 181
125 184
125 189
125 190
125 191
125 194
125 197
125 203
125 204
125 212
125 214
125 215
125 217
125 219
125 225
125 227
125 234
125 236
125 237
125 241
125 244
125 249
125 250
125 261
125 267
125 280
125 283
125 287
125 288
125 291
125 299
126 130
126 136
126 138
126 140
126 142
126 144
126 152
126 156
126 157
126 160
126 163
126 166
126 169
126 170
126 175
126 178
126 179
126 180
126 188
126 191
126 192
126 193
126 195
126 201
126 204
126 212
126 214
126 216
126 219
126 221
126 226
126 238
126 239
126 240
126 243
126 244
126 250
126 252
126 255
126 264
126 265
126 266
126 267
126 268
126 273
126 274
126 275
126 276
126 278
126 279
126 281
126 286
126 292
126 297
127 128
127 130
127 131
127 144
127 145
127 147
127 149
127 151
127 154
127 158
127 159
127 171
127 177
127 178
127 182
127 183
127 188
127 189
127 192
127 193
127 197
127 198
127 199
127 201
127 207
127 209
127 210
127 211
127 212
127 217
127 223
127 234
127 238
127 240
127 243
127 257
127 260
127 262
127 267
127 268
127 270
127 277
127 279
127 291
127 296
127 298
127 299
128 131
128 134
128 139
128 143
128 145
128 147
128 153
128 154
128 157
128 159
128 163
128 164
128 167
128 172
128 175
128 179
128 184
128 191
128 194
128 195
128 199
128 200
128 201
128 204
128 207
128 213
128 216
128 217
128 219
128 222
128 225
128 228
128 234
128 246
128 247
128 248
128 254
128 260
128 264
128 271
128 272
128 282
128 284
128 285
128 286
128 287
128 294
128 297
129 130
129 132
129 139
129 140
129 141
129 147
129 150
129 153
129 156
129 159
129 162
129 164
129 165
129 166
129 167
129 170
129 172
129 175
129 180
129 182
129 183
129 184
129 188
129 193
129 195
129 196
129 199
129 207
129 211
129 217
129 218
129 222
129 224
129 226
129 237
129 238
129 243
129 246
129 249
129 252
129 257
129 263
129 264
129 265
129 267
129 268
129 272
129 273
129 275
129 276
129 283
129 290
129 296
129 298
130 135
130 137
130 138
130 140
130 142
130 149
130 150
130 158
130 159
130 160
130 162
130 164
130 167
130 177
130 181
130 188
130 203
130 206
130 209
130 211
130 214
130 218
130 219
130 234
130 240
130 242
130 243
130 245
130 246
130 248
130 251
130 257
130 260
130 263
130 265
130 279
130 284
130 287
130 288
130 294
130 295
130 297
131 132
131 134
131 137
131 141
131 142
131 144
131 150
131 155
131 156
131 160
131 161
131 168
131 175
131 179
131 181
131 188
131 195
131 196
131 200
131 201
131 203
131 205
131 206
131 210
131 217
131 236
131 238
131 239
131 244
131 246
131 249
131 253
131 254
131 257
131 260
131 262
131 263
131 264
131 266
131 269
131 270
131 273
131 274
131 281
131 288
131 290
131 292
131 296
131 297
132 133
132 134
132 135
132 136
132 139
132 140
132 141
132 143
132 150
132 157
132 160
132 165
132 166
132 171
132 172
132 173
132 175
132 177
132 179
132 181
132 183
132 185
132 186
132 192
132 195
132 196
132 202
132 203
132 207
132 211
132 216
132 217
132 220
132 225
132 228
132 230
132 231
132 233
132 234
132 235
132 245
132 248
132 250
132 254
132 258
132 259
132 260
132 264
132 268
132 269
132 270
132 273
132 276
132 281
132 282
132 286
132 288
132 289
132 290
132 294
132 295
132 296
132 298
133 141
133 145
133 150
133 152
133 155
133 157
133 160
133 161
133 162
133 164
133 168
133 176
133 178
133 183
133 184
133 187
133 189
133 195
133 198
133 199
133 201
133 202
133 203
133 214
133 215
133 225
133 228
133 229
133 233
133 235
133 236
133 238
133 239
133 241
133 242
133 243
133 246
133 249
133 254
133 257
133 259
133 260
133 263
133 264
133 267
133 271
133 275
133 276
133 278
133 281
133 282
133 289
133 296
133 297
133 299
134 146
134 148
134 163
134 165
134 166
134 168
134 169
134 171
134 172
134 177
134 180
134 183
134 188
134 191
134 195
134 196
134 199
134 200
134 201
134 204
134 205
134 206
134 210
134 211
134 214
134 215
134 217
134 218
134 219
134 222
134 224
134 225
134 228
134 232
134 234
134 235
134 247
134 248
134 249
134 257
134 265
134 268
134 269
134 273
134 279
134 280
134 286
134 290
134 291
134 297
134 298
135 136
135 139
135 140
135 141
135 145
135 147
135 153
135 154
135 158
135 159
135 160
135 162
135 167
135 168
135 170
135 171
135 173
135 174
135 176
135 178
135 179
135 180
135 183
135 190
135 192
135 194
135 195
135 199
135 213
135 218
135 225
135 228
135 232
135 233
135 238
135 244
135 246
135 249
135 250
135 257
135 258
135 265
135 266
135 272
135 276
135 283
135 284
135 291
135 296
136 141
136 143
136 152
136 157
136 158
136 161
136 163
136 164
136 168
136 170
136 182
136 185
136 195
136 197
136 208
136 212
136 216
136 223
136 225
136 231
136 234
136 241
136 242
136 245
136 247
136 250
136 254
136 256
136 263
136 264
136 266
136 269
136 270
136 271
136 276
136 283
136 284
136 289
136 291
136 294
136 296
137 138
137 154
137 156
137 158
137 160
137 165
137 167
137 168
137 170
137 172
137 173
137 175
137 180
137 182
137 183
137 184
137 186
137 192
137 196
137 201
137 203
137 208
137 210
137 212
137 217
137 218
137 234
137 237
137 247
137 248
137 251
137 254
137 256
137 257
137 258
137 262
137 265
137 267
137 278
137 279
137 280
137 286
137 290
137 294
137 295
138 139
138 140
138 144
138 148
138 152
138 153
138 155
138 159
138 160
138 170
138 174
138 175
138 176
138 178
138 188
138 189
138 192
138 195
138 205
138 216
138 217
138 224
138 227
138 229
138 230
138 232
138 234
138 235
138 236
138 237
138 242
138 243
138 248
138 250
138 262
138 263
138 267
138 273
138 276
138 277
138 279
138 283
138 285
138 287
138 290
138 292
138 295
138 298
138 299
139 140
139 144
139 146
139 147
139 152
139 154
139 155
139 160
139 162
139 166
139 173
139 175
139 180
139 183
139 184
139 189
139 190
139 192
139 194
139 197
139 198
139 200
139 203
139 205
139 206
139 210
139 211
139 214
139 216
139 219
139 225
139 226
139 236
139 238
139 246
139 250
139 251
139 252
139 262
139 264
139 265
139 274
139 280
139 281
139 285
139 294
139 297
140 141
140 147
140 148
140 149
140 151
140 152
140 153
140 156
140 158
140 163
140 166
140 168
140 170
140 174
140 175
140 178
140 180
140 184
140 186
140 187
140 191
140 193
140 196
140 206
140 208
140 217
140 221
140 225
140 226
140 228
140 230
140 231
140 234
140 241
140 246
140 249
140 253
140 255
140 262
140 271
140 276
140 285
140 287
140 290
140 291
140 293
140 296
141 143
141 148
141 151
141 152
141 154
141 156
141 159
141 160
141 165
141 172
141 174
141 176
141 177
141 181
141 190
141 192
141 193
141 206
141 208
141 211
141 233
141 237
141 241
141 248
141 249
141 251
141 252
141 259
141 263
141 266
141 267
141 272
141 274
141 282
141 283
141 293
141 296
141 298
141 299
142 144
142 145
142 147
142 150
142 151
142 154
142 155
142 158
142 160
142 162
142 169
142 173
142 175
142 177
142 183
142 186
142 188
142 189
142 191
142 192
142 201
142 212
142 217
142 218
142 220
142 224
142 226
142 229
142 239
142 241
142 242
142 243
142 244
142 248
142 252
142 255
142 257
142 259
142 263
142 264
142 265
142 267
142 268
142 274
142 280
142 290
142 291
143 146
143 147
143 149
143 151
143 153
143 155
143 156
143 162
143 163
143 169
143 171
143 173
143 175
143 177
143 178
143 181
143 182
143 184
143 186
143 188
143 189
143 193
143 194
143 201
143 205
143 209
143 216
143 221
143 223
143 224
143 228
143 230
143 231
143 232
143 233
143 240
143 241
143 242
143 245
143 246
143 250
143 254
143 258
143 261
143 263
143 270
143 272
143 274
143 276
143 283
143 284
143 289
143 293
143 299
144 152
144 155
144 157
144 161
144 169
144 171
144 173
144 176
144 180
144 182
144 185
144 187
144 188
144 191
144 194
144 195
144 198
144 206
144 217
144 218
144 219
144 222
144 224
144 226
144 227
144 232
144 234
144 235
144 239
144 244
144 246
144 254
144 258
144 261
144 263
144 265
144 266
144 273
144 274
144 275
144 277
144 279
144 282
144 284
144 288
144 290
144 293
145 146
145 149
145 158
145 164
145 166
145 167
145 169
145 170
145 175
145 176
145 178
145 181
145 195
145 197
145 208
145 209
145 210
145 217
145 220
145 222
145 223
145 226
145 228
145 229
145 230
145 233
145 237
145 241
145 248
145 250
145 251
145 259
145 264
145 266
145 267
145 269
145 272
145 274
145 276
145 277
145 278
145 290
145 291
145 294
145 296
145 297
146 148
146 160
146 161
146 163
146 164
146 167
146 173
146 180
146 181
146 182
146 183
146 184
146 189
146 190
146 192
146 197
146 201
146 203
146 209
146 216
146 217
146 219
146 232
146 233
146 234
146 239
146 240
146 242
146 247
146 251
146 257
146 264
146 267
146 268
146 283
146 284
146 288
146 290
146 291
146 293
146 297
147 154
147 164
147 165
147 167
147 169
147 170
147 172
147 177
147 179
147 180
147 181
147 182
147 184
147 188
147 189
147 190
147 192
147 193
147 194
147 196
147 206
147 207
147 211
147 216
147 223
147 224
147 232
147 233
147 244
147 246
147 247
147 257
147 260
147 266
147 269
147 276
147 282
147 283
147 284
147 289
147 290
147 294
147 297
147 299
148 151
148 159
148 162
148 167
148 172
148 173
148 179
148 181
148 183
148 188
148 189
148 192
148 193
148 198
148 203
148 204
148 205
148 206
148 209
148 210
148 215
148 217
148 221
148 222
148 224
148 225
148 230
148 238
148 241
148 243
148 255
148 257
148 262
148 264
148 265
148 266
148 267
148 269
148 270
148 272
148 277
148 279
148 286
148 287
148 290
148 292
148 295
148 297
149 153
149 154
149 155
149 156
149 157
149 158
149 159
149 166
149 167
149 169
149 170
149 171
149 175
149 181
149 183
149 187
149 190
149 195
149 199
149 203
149 205
149 206
149 209
149 215
149 217
149 219
149 220
149 225
149 226
149 227
149 231
149 233
149 235
149 238
149 243
149 245
149 249
149 255
149 256
149 257
149 260
149 265
149 269
149 273
149 275
149 279
149 281
149 283
149 285
149 292
149 294
150 153
150 155
150 158
150 162
150 163
150 164
150 166
150 173
150 174
150 178
150 182
150 184
150 186
150 189
150 191
150 201
150 202
150 208
150 209
150 215
150 231
150 233
150 236
150 237
150 240
150 244
150 245
150 256
150 259
150 260
150 261
150 263
150 271
150 277
150 278
150 284
150 285
150 290
150 296
151 154
151 156
151 160
151 161
151 165
151 172
151 173
151 175
151 176
151 177
151 179
151 180
151 182
151 191
151 192
151 199
151 200
151 201
151 202
151 211
151 214
151 216
151 219
151 220
151 227
151 231
151 232
151 234
151 236
151 248
151 251
151 254
151 255
151 256
151 265
151 267
151 273
151 276
151 281
151 282
151 288
151 289
151 293
151 296
151 297
152 155
152 157
152 158
152 159
152 166
152 168
152 169
152 171
152 173
152 177
152 179
152 180
152 181
152 184
152 186
152 189
152 192
152 195
152 196
152 197
152 199
152 207
152 210
152 212
152 213
152 215
152 216
152 217
152 219
152 223
152 229
152 230
152 235
152 239
152 249
152 256
152 260
152 267
152 270
152 272
152 277
152 283
152 287
152 291
152 292
152 299
153 154
153 161
153 163
153 164
153 165
153 172
153 175
153 179
153 180
153 182
153 186
153 189
153 190
153 196
153 197
153 199
153 202
153 203
153 204
153 205
153 206
153 207
153 208
153 210
153 215
153 218
153 219
153 220
153 229
153 232
153 234
153 238
153 241
153 242
153 243
153 248
153 249
153 250
153 251
153 256
153 258
153 261
153 264
153 265
153 266
153 267
153 269
153 275
153 276
153 278
153 281
153 282
153 292
153 299
154 155
154 162
154 164
154 165
154 166
154 169
154 170
154 174
154 176
154 179
154 186
154 193
154 198
154 200
154 203
154 209
154 214
154 215
154 216
154 230
154 231
154 233
154 236
154 243
154 244
154 246
154 247
154 252
154 258
154 260
154 264
154 269
154 281
154 285
154 286
154 288
154 291
154 296
154 299
155 158
155 160
155 163
155 164
155 167
155 168
155 171
155 173
155 174
155 179
155 180
155 183
155 200
155 214
155 216
155 221
155 226
155 235
155 243
155 248
155 250
155 253
155 258
155 260
155 262
155 263
155 265
155 270
155 271
155 277
155 278
155 283
155 288
155 294
155 298
155 299
156 159
156 160
156 161
156 162
156 165
156 166
156 168
156 175
156 180
156 182
156 183
156 185
156 193
156 195
156 202
156 208
156 211
156 214
156 218
156 224
156 228
156 229
156 237
156 250
156 253
156 258
156 268
156 270
156 273
156 274
156 278
156 280
156 287
156 289
156 290
156 292
156 298
157 158
157 160
157 169
157 171
157 172
157 175
157 176
157 177
157 180
157 185
157 186
157 188
157 207
157 208
157 210
157 213
157 214
157 215
157 216
157 221
157 238
157 242
157 244
157 245
157 250
157 251
157 252
157 254
157 257
157 261
157 269
157 270
157 271
157 274
157 276
157 277
157 281
157 286
157 290
157 291
157 292
157 293
157 294
157 296
157 297
157 298
157 299
158 165
158 168
158 171
158 172
158 184
158 188
158 190
158 193
158 198
158 199
158 203
158 208
158 217
158 227
158 231
158 233
158 235
158 237
158 242
158 245
158 246
158 249
158 254
158 256
158 258
158 260
158 261
158 267
158 269
158 271
158 279
158 284
158 286
158 290
158 294
158 295
158 298
159 160
159 161
159 166
159 171
159 172
159 173
159 174
159 177
159 178
159 184
159 188
159 193
159 195
159 196
159 197
159 199
159 201
159 204
159 210
159 217
159 218
159 223
159 224
159 225
159 228
159 231
159 234
159 236
159 239
159 243
159 244
159 253
159 256
159 258
159 259
159 262
159 265
159 267
159 271
159 274
159 277
159 279
159 281
159 287
159 288
159 290
159 292
159 293
159 297
159 299
160 165
160 167
160 171
160 174
160 176
160 177
160 181
160 185
160 186
160 190
160 191
160 192
160 193
160 198
160 201
160 208
160 221
160 225
160 227
160 231
160 235
160 237
160 242
160 244
160 245
160 250
160 252
160 257
160 266
160 270
160 273
160 275
160 276
160 278
160 284
160 289
160 290
160 291
160 293
160 298
160 299
161 162
161 166
161 169
161 171
161 181
161 183
161 184
161 185
161 194
161 198
161 199
161 202
161 211
161 213
161 218
161 221
161 222
161 225
161 226
161 227
161 229
161 231
161 235
161 238
161 242
161 243
161 245
161 254
161 255
161 257
161 258
161 265
161 273
161 277
161 279
161 280
161 282
161 286
161 287
161 288
161 289
161 290
161 291
161 293
162 163
162 164
162 167
162 168
162 169
162 172
162 175
162 179
162 182
162 184
162 188
162 191
162 192
162 197
162 201
162 202
162 205
162 214
162 215
162 226
162 230
162 233
162 236
162 250
162 251
162 257
162 258
162 259
162 261
162 263
162 267
162 269
162 272
162 276
162 277
162 279
162 280
162 285
162 296
163 164
163 176
163 179
163 191
163 207
163 208
163 209
163 211
163 214
163 215
163 216
163 217
163 222
163 223
163 229
163 230
163 232
163 241
163 247
163 248
163 249
163 256
163 261
163 262
163 264
163 267
163 270
163 272
163 274
163 280
163 287
163 295
163 297
163 298
164 169
164 170
164 173
164 174
164 176
164 179
164 180
164 181
164 185
164 189
164 191
164 197
164 198
164 199
164 206
164 208
164 209
164 218
164 222
164 223
164 231
164 233
164 237
164 239
164 242
164 243
164 245
164 249
164 252
164 256
164 257
164 259
164 263
164 265
164 276
164 279
164 284
164 286
164 292
164 293
164 296
165 167
165 168
165 170
165 180
165 181
165 188
165 194
165 195
165 196
165 203
165 204
165 205
165 206
165 209
165 216
165 222
165 227
165 228
165 229
165 233
165 236
165 237
165 244
165 255
165 257
165 261
165 266
165 268
165 269
165 271
165 275
165 278
165 283
165 289
165 290
165 292
166 174
166 177
166 183
166 185
166 187
166 188
166 195
166 197
166 199
166 200
166 201
166 203
166 206
166 210
166 212
166 217
166 222
166 227
166 237
166 243
166 246
166 248
166 250
166 254
166 255
166 261
166 263
166 264
166 266
166 271
166 274
166 281
166 282
166 284
166 290
166 291
167 171
167 173
167 174
167 178
167 179
167 182
167 183
167 186
167 188
167 189
167 192
167 195
167 197
167 200
167 202
167 208
167 212
167 213
167 215
167 216
167 217
167 219
167 220
167 221
167 223
167 224
167 225
167 227
167 232
167 237
167 238
167 241
167 248
167 251
167 252
167 256
167 260
167 264
167 266
167 268
167 275
167 283
167 286
167 288
167 291
167 293
167 295
167 296
168 170
168 171
168 172
168 173
168 175
168 179
168 181
168 186
168 187
168 191
168 198
168 200
168 204
168 212
168 215
168 217
168 218
168 219
168 221
168 228
168 229
168 231
168 232
168 239
168 241
168 243
168 247
168 251
168 253
168 254
168 261
168 263
168 264
168 270
168 272
168 275
168 276
168 284
168 287
168 292
168 293
168 297
169 170
169 174
169 178
169 180
169 183
169 193
169 196
169 200
169 205
169 206
169 212
169 214
169 230
169 237
169 240
169 245
169 254
169 257
169 258
169 261
169 263
169 264
169 265
169 279
169 285
169 287
169 289
169 291
169 299
170 171
170 178
170 187
170 188
170 193
170 196
170 201
170 206
170 214
170 217
170 220
170 221
170 222
170 225
170 226
170 228
170 229
170 230
170 231
170 232
170 241
170 246
170 248
170 249
170 253
170 254
170 262
170 270
170 271
170 274
170 281
170 286
170 291
170 293
170 295
171 174
171 175
171 178
171 180
171 183
171 185
171 194
171 196
171 197
171 198
171 199
171 205
171 207
171 208
171 213
171 214
171 216
171 221
171 223
171 225
171 230
171 232
171 243
171 245
171 248
171 250
171 251
171 262
171 264
171 265
171 270
171 271
171 276
171 277
171 278
171 279
171 280
171 281
171 284
171 287
171 293
171 296
171 298
172 173
172 177
172 180
172 182
172 185
172 186
172 191
172 192
172 193
172 195
172 196
172 199
172 202
172 203
172 205
172 207
172 208
172 220
172 221
172 223
172 227
172 230
172 232
172 233
172 236
172 244
172 246
172 248
172 251
172 253
172 259
172 260
172 261
172 265
172 267
172 269
172 273
172 276
172 279
172 288
172 294
173 174
173 182
173 184
173 185
173 186
173 187
173 188
173 190
173 197
173 198
173 201
173 202
173 205
173 209
173 210
173 211
173 212
173 215
173 216
173 217
173 218
173 219
173 224
173 235
173 236
173 237
173 238
173 244
173 245
173 248
173 251
173 252
173 258
173 263
173 266
173 269
173 270
173 271
173 272
173 273
173 274
173 276
173 278
173 280
173 283
173 284
173 292
173 294
174 176
174 178
174 181
174 182
174 190
174 192
174 193
174 197
174 199
174 200
174 207
174 214
174 215
174 216
174 218
174 220
174 226
174 233
174 240
174 242
174 259
174 262
174 264
174 271
174 275
174 278
174 281
174 283
174 284
174 285
174 286
174 287
174 290
174 292
174 293
174 298
175 176
175 178
175 180
175 189
175 190
175 192
175 196
175 200
175 202
175 211
175 212
175 216
175 218
175 220
175 225
175 227
175 229
175 232
175 235
175 236
175 237
175 243
175 244
175 245
175 246
175 251
175 256
175 257
175 273
175 277
175 292
175 296
176 178
176 180
176 189
176 193
176 198
176 199
176 200
176 203
176 206
176 215
176 219
176 221
176 222
176 223
176 224
176 226
176 228
176 230
176 234
176 235
176 237
176 240
176 242
176 247
176 252
176 258
176 265
176 269
176 271
176 275
176 277
176 280
176 286
176 292
176 297
176 298
177 186
177 190
177 191
177 196
177 199
177 200
177 204
177 209
177 210
177 211
177 219
177 221
177 224
177 225
177 228
177 229
177 231
177 234
177 236
177 240
177 241
177 243
177 244
177 246
177 248
177 249
177 255
177 258
177 270
177 272
177 276
177 280
177 281
177 286
177 287
177 289
177 290
177 292
177 294
178 179
178 180
178 181
178 185
178 192
178 200
178 202
178 204
178 206
178 212
178 214
178 216
178 217
178 223
178 240
178 243
178 244
178 247
178 252
178 253
178 257
178 258
178 260
178 263
178 265
178 266
178 269
178 273
178 274
178 275
178 278
178 281
178 283
178 285
178 287
178 288
178 289
179 182
179 184
179 191
179 192
179 197
179 202
179 204
179 206
179 210
179 212
179 220
179 222
179 223
179 225
179 226
179 227
179 231
179 235
179 237
179 241
179 242
179 244
179 245
179 247
179 252
179 253
179 255
179 258
179 260
179 261
179 273
179 275
179 281
179 282
179 284
179 287
179 293
179 296
180 184
180 186
180 187
180 188
180 193
180 195
180 207
180 212
180 213
180 214
180 215
180 220
180 223
180 226
180 228
180 230
180 231
180 232
180 233
180 236
180 242
180 247
180 250
180 256
180 261
180 263
180 267
180 268
180 271
180 272
180 273
180 277
180 278
180 280
180 282
180 288
180 292
180 293
180 294
181 195
181 200
181 210
181 216
181 218
181 219
181 220
181 222
181 224
181 230
181 235
181 237
181 243
181 251
181 252
181 254
181 257
181 269
181 270
181 278
181 279
181 282
181 289
181 295
181 298
182 187
182 194
182 197
182 199
182 202
182 205
182 208
182 214
182 216
182 222
182 224
182 227
182 232
182 233
182 236
182 243
182 244
182 253
182 255
182 259
182 261
182 262
182 265
182 271
182 275
182 277
182 282
182 283
182 285
182 286
182 287
182 292
182 296
182 297
183 184
183 186
183 194
183 195
183 198
183 203
183 209
183 214
183 216
183 220
183 221
183 222
183 226
183 227
183 228
183 229
183 230
183 232
183 234
183 235
183 238
183 239
183 244
183 247
183 252
183 254
183 258
183 259
183 261
183 265
183 266
183 274
183 279
183 286
183 296
183 297
184 187
184 192
184 193
184 194
184 202
184 204
184 207
184 208
184 209
184 210
184 216
184 222
184 227
184 233
184 235
184 242
184 245
184 248
184 249
184 250
184 255
184 276
184 277
184 281
184 282
184 284
184 285
184 286
184 288
184 294
185 187
185 196
185 199
185 201
185 206
185 207
185 211
185 213
185 214
185 216
185 226
185 230
185 232
185 243
185 247
185 248
185 251
185 255
185 261
185 262
185 263
185 264
185 265
185 266
185 268
185 273
185 285
185 288
185 290
185 293
185 295
186 189
186 196
186 197
186 198
186 200
186 215
186 219
186 223
186 225
186 233
186 235
186 237
186 238
186 242
186 245
186 248
186 254
186 256
186 262
186 276
186 278
186 279
186 281
186 286
186 294
186 295
187 188
187 195
187 197
187 198
187 202
187 215
187 216
187 222
187 228
187 231
187 233
187 239
187 244
187 252
187 253
187 254
187 256
187 258
187 267
187 270
187 273
187 280
187 282
187 285
187 288
187 289
187 293
188 189
188 193
188 195
188 197
188 198
188 205
188 208
188 216
188 218
188 220
188 222
188 224
188 234
188 235
188 241
188 242
188 248
188 254
188 255
188 264
188 266
188 267
188 269
188 271
188 273
188 275
188 282
188 284
188 298
189 194
189 197
189 202
189 214
189 215
189 221
189 222
189 224
189 230
189 233
189 237
189 240
189 243
189 245
189 246
189 247
189 248
189 250
189 257
189 259
189 262
189 263
189 264
189 265
189 266
189 268
189 269
189 272
189 277
189 281
189 299
190 193
190 209
190 213
190 216
190 217
190 221
190 234
190 245
190 246
190 260
190 270
190 277
190 284
190 285
190 295
190 296
190 299
191 192
191 194
191 196
191 199
191 202
191 207
191 208
191 215
191 217
191 224
191 229
191 233
191 236
191 240
191 246
191 254
191 255
191 256
191 257
191 267
191 276
191 278
191 284
191 285
191 291
191 293
191 294
191 295
192 194
192 195
192 204
192 206
192 207
192 213
192 224
192 225
192 234
192 238
192 239
192 241
192 246
192 247
192 248
192 249
192 253
192 255
192 258
192 260
192 262
192 264
192 268
192 278
192 282
192 288
192 289
192 295
192 298
193 197
193 201
193 204
193 207
193 211
193 213
193 219
193 222
193 234
193 237
193 245
193 248
193 250
193 255
193 257
193 258
193 259
193 260
193 263
193 265
193 266
193 267
193 276
193 279
193 285
193 287
193 288
193 289
193 296
193 299
194 197
194 205
194 208
194 226
194 229
194 230
194 231
194 241
194 244
194 248
194 252
194 253
194 255
194 259
194 261
194 262
194 264
194 265
194 270
194 272
194 275
194 276
194 283
194 286
194 291
194 293
194 294
195 196
195 210
195 214
195 218
195 219
195 224
195 227
195 232
195 233
195 237
195 239
195 240
195 243
195 246
195 260
195 261
195 266
195 269
195 272
195 275
195 276
195 277
195 279
195 281
195 282
195 293
195 295
195 299
196 197
196 201
196 202
196 204
196 205
196 207
196 208
196 210
196 218
196 219
196 221
196 224
196 226
196 231
196 236
196 238
196 240
196 245
196 246
196 247
196 249
196 250
196 254
196 256
196 266
196 267
196 270
196 272
196 279
196 280
196 281
196 286
196 289
196 296
196 297
196 298
196 299
197 200
197 208
197 219
197 220
197 223
197 228
197 229
197 231
197 236
197 237
197 241
197 243
197 248
197 266
197 268
197 270
197 271
197 272
197 275
197 277
197 281
197 283
197 284
197 296
197 298
197 299
198 203
198 205
198 209
198 213
198 215
198 218
198 227
198 228
198 229
198 230
198 233
198 234
198 239
198 240
198 242
198 249
198 252
198 253
198 255
198 262
198 267
198 268
198 269
198 270
198 271
198 272
198 275
198 276
198 278
198 279
198 281
198 284
198 285
198 287
198 288
199 200
199 203
199 204
199 206
199 209
199 213
199 220
199 227
199 230
199 233
199 238
199 241
199 245
199 252
199 258
199 261
199 263
199 271
199 272
199 278
199 285
199 287
199 292
199 294
199 296
199 298
200 213
200 214
200 215
200 216
200 218
200 223
200 224
200 233
200 234
200 236
200 238
200 239
200 240
200 241
200 242
200 243
200 247
200 255
200 256
200 261
200 262
200 263
200 266
200 278
200 279
200 281
200 284
200 288
200 290
200 292
200 296
201 205
201 208
201 221
201 225
201 226
201 227
201 229
201 230
201 231
201 237
201 240
201 244
201 246
201 247
201 250
201 255
201 259
201 261
201 262
201 264
201 265
201 266
201 270
201 274
201 275
201 282
201 283
201 284
201 286
201 290
201 291
201 293
201 295
202 203
202 204
202 205
202 215
202 217
202 227
202 232
202 234
202 241
202 244
202 245
202 247
202 249
202 251
202 252
202 253
202 254
202 259
202 262
202 265
202 274
202 276
202 299
203 204
203 207
203 208
203 209
203 213
203 214
203 216
203 226
203 230
203 231
203 233
203 234
203 237
203 239
203 247
203 248
203 249
203 255
203 259
203 269
203 276
203 278
203 281
203 289
203 292
203 295
203 299
204 209
204 210
204 212
204 217
204 219
204 221
204 223
204 227
204 232
204 238
204 239
204 251
204 253
204 263
204 269
204 277
204 279
204 281
204 282
204 291
204 292
204 293
204 298
204 299
205 207
205 211
205 212
205 214
205 215
205 222
205 226
205 227
205 233
205 238
205 239
205 241
205 246
205 250
205 251
205 257
205 259
205 260
205 263
205 269
205 270
205 271
205 278
205 280
205 281
205 283
205 284
205 285
205 286
205 290
205 291
205 296
205 297
205 299
206 208
206 209
206 210
206 211
206 214
206 217
206 218
206 222
206 223
206 229
206 230
206 234
206 236
206 237
206 244
206 245
206 246
206 247
206 248
206 250
206 251
206 252
206 256
206 268
206 270
206 271
206 277
206 279
206 284
206 286
206 292
206 294
206 296
206 297
207 211
207 225
207 229
207 232
207 238
207 239
207 242
207 243
207 246
207 250
207 253
207 255
207 256
207 261
207 264
207 273
207 279
207 280
207 283
207 284
207 291
207 292
207 293
207 294
208 209
208 210
208 212
208 213
208 221
208 222
208 223
208 224
208 227
208 232
208 234
208 244
208 248
208 250
208 251
208 252
208 256
208 257
208 268
208 284
208 287
208 289
208 291
208 293
208 298
209 210
209 214
209 215
209 221
209 223
209 230
209 236
209 238
209 240
209 243
209 244
209 245
209 247
209 261
209 272
209 283
209 285
209 288
209 290
209 292
210 211
210 212
210 214
210 220
210 222
210 229
210 232
210 236
210 239
210 240
210 245
210 251
210 252
210 257
210 265
210 270
210 272
210 273
210 276
210 277
210 279
210 283
210 285
210 286
210 287
210 289
210 290
210 292
210 294
210 295
211 213
211 216
211 218
211 219
211 224
211 225
211 226
211 230
211 231
211 232
211 234
211 239
211 241
211 244
211 245
211 247
211 248
211 251
211 253
211 262
211 264
211 267
211 275
211 278
211 280
211 282
211 283
211 285
211 286
211 289
211 291
211 294
211 295
212 216
212 223
212 226
212 230
212 231
212 235
212 239
212 241
212 243
212 245
212 248
212 258
212 259
212 273
212 274
212 286
212 287
212 288
212 289
212 292
212 293
212 295
212 299
213 214
213 222
213 223
213 238
213 239
213 241
213 243
213 246
213 247
213 250
213 252
213 253
213 258
213 259
213 266
213 267
213 268
213 272
213 273
213 277
213 282
213 284
213 286
213 287
213 288
213 289
213 291
213 295
213 297
214 216
214 218
214 223
214 225
214 226
214 234
214 241
214 248
214 251
214 252
214 254
214 255
214 264
214 265
214 269
214 270
214 273
214 275
214 276
214 279
214 284
214 286
214 292
214 298
215 216
215 219
215 222
215 224
215 228
215 231
215 235
215 238
215 239
215 241
215 242
215 249
215 255
215 259
215 260
215 264
215 267
215 268
215 269
215 272
215 275
215 276
215 277
215 278
215 289
215 294
215 295
215 297
216 219
216 220
216 221
216 227
216 229
216 231
216 235
216 239
216 240
216 242
216 243
216 245
216 248
216 249
216 250
216 255
216 260
216 261
216 268
216 269
216 271
216 273
216 276
216 279
216 280
216 281
216 282
216 283
216 284
216 286
216 291
216 297
217 218
217 231
217 233
217 236
217 238
217 240
217 245
217 246
217 254
217 256
217 258
217 259
217 266
217 268
217 272
217 275
217 288
217 291
217 295
217 296
217 298
218 222
218 225
218 227
218 232
218 233
218 236
218 237
218 247
218 251
218 252
218 262
218 271
218 274
218 275
218 276
218 278
218 281
218 284
218 286
218 287
218 295
219 226
219 232
219 233
219 237
219 239
219 242
219 243
219 248
219 250
219 252
219 257
219 258
219 263
219 266
219 267
219 272
219 275
219 278
219 282
219 284
219 286
219 288
219 290
220 221
220 222
220 223
220 224
220 227
220 229
220 233
220 241
220 247
220 248
220 249
220 253
220 256
220 257
220 260
220 270
220 273
220 275
220 276
220 278
220 279
220 280
220 284
220 296
220 297
220 299
221 222
221 225
221 227
221 230
221 231
221 234
221 235
221 239
221 242
221 247
221 249
221 253
221 255
221 264
221 265
221 267
221 270
221 271
221 273
221 274
221 276
221 277
221 285
222 223
222 225
222 234
222 238
222 239
222 240
222 241
222 243
222 249
222 251
222 253
222 261
222 262
222 263
222 267
222 271
222 272
222 275
222 279
222 281
222 282
222 287
222 288
222 290
222 291
222 292
222 293
222 295
222 297
223 230
223 231
223 234
223 235
223 237
223 240
223 243
223 246
223 247
223 249
223 250
223 252
223 253
223 255
223 259
223 262
223 270
223 271
223 272
223 276
223 281
223 287
223 291
223 294
223 296
223 297
223 298
223 299
224 226
224 227
224 229
224 231
224 249
224 250
224 257
224 262
224 267
224 268
224 275
224 277
224 282
224 283
224 293
224 294
224 295
224 299
225 226
225 233
225 234
225 237
225 238
225 239
225 252
225 254
225 255
225 256
225 257
225 259
225 260
225 261
225 262
225 269
225 275
225 286
225 290
225 293
226 229
226 230
226 233
226 239
226 240
226 247
226 250
226 254
226 255
226 260
226 264
226 265
226 269
226 276
226 278
226 279
226 285
226 286
226 295
226 296
226 298
226 299
227 228
227 229
227 231
227 232
227 239
227 242
227 248
227 252
227 255
227 266
227 269
227 270
227 275
227 276
227 281
227 287
227 288
227 291
227 294
227 296
228 229
228 234
228 235
228 240
228 241
228 243
228 244
228 249
228 258
228 260
228 269
228 270
228 274
228 280
228 282
228 284
228 286
228 290
228 297
228 298
229 234
229 235
229 236
229 237
229 238
229 239
229 251
229 257
229 261
229 263
229 269
229 270
229 271
229 286
229 293
229 296
229 297
229 299
230 234
230 243
230 247
230 250
230 253
230 255
230 259
230 267
230 275
230 276
230 278
230 284
230 286
230 287
230 288
230 293
230 297
231 234
231 240
231 242
231 243
231 244
231 247
231 252
231 253
231 256
231 263
231 265
231 281
231 283
231 286
231 290
231 294
231 299
232 234
232 235
232 236
232 240
232 241
232 245
232 251
232 257
232 259
232 260
232 263
232 265
232 268
232 272
232 274
232 278
232 280
232 282
232 283
232 287
232 290
232 292
232 294
233 234
233 236
233 237
233 239
233 244
233 245
233 246
233 247
233 253
233 254
233 255
233 256
233 260
233 269
233 270
233 271
233 272
233 275
233 282
233 284
233 289
233 291
233 295
233 296
234 236
234 238
234 242
234 243
234 244
234 245
234 247
234 251
234 252
234 253
234 255
234 258
234 260
234 269
234 271
234 272
234 280
234 288
234 291
234 293
234 294
234 296
235 238
235 240
235 241
235 244
235 245
235 252
235 255
235 258
235 262
235 264
235 265
235 267
235 276
235 277
235 280
235 292
235 297
236 237
236 239
236 246
236 247
236 248
236 250
236 256
236 257
236 261
236 263
236 265
236 270
236 271
236 272
236 275
236 280
236 281
236 287
236 291
236 294
236 295
236 297
236 299
237 239
237 241
237 245
237 246
237 248
237 250
237 253
237 258
237 263
237 267
237 268
237 270
237 274
237 279
237 281
237 283
237 289
237 293
237 294
237 295
237 299
238 239
238 246
238 249
238 252
238 253
238 257
238 264
238 267
238 271
238 274
238 277
238 286
238 289
238 292
239 240
239 244
239 250
239 253
239 256
239 260
239 263
239 264
239 265
239 276
239 278
239 279
239 283
239 286
239 293
239 295
239 299
240 248
240 257
240 259
240 261
240 274
240 275
240 277
240 278
240 285
240 286
240 288
240 292
240 293
240 297
240 298
241 242
241 244
241 246
241 247
241 255
241 260
241 261
241 267
241 268
241 273
241 274
241 281
241 282
241 288
241 289
241 295
241 299
242 246
242 249
242 251
242 252
242 254
242 262
242 273
242 284
242 285
242 288
242 289
242 291
242 292
242 293
242 295
242 296
243 244
243 245
243 247
243 250
243 252
243 256
243 257
243 259
243 260
243 265
243 267
243 270
243 271
243 275
243 276
243 285
243 286
244 248
244 250
244 255
244 256
244 257
244 261
244 262
244 264
244 265
244 267
244 270
244 275
244 278
244 279
244 283
244 285
244 286
244 290
244 291
244 292
244 293
244 295
244 296
245 246
245 247
245 248
245 255
245 262
245 268
245 269
245 270
245 277
245 280
245 282
245 290
245 293
245 294
246 248
246 253
246 254
246 258
246 259
246 262
246 264
246 266
246 269
246 270
246 277
246 278
246 279
246 280
246 287
246 293
246 295
246 297
246 299
247 249
247 251
247 255
247 258
247 262
247 269
247 270
247 271
247 274
247 276
247 277
247 285
247 292
247 293
247 294
247 296
248 250
248 253
248 257
248 258
248 261
248 264
248 265
248 267
248 270
248 275
248 279
248 282
248 283
248 286
248 287
248 289
248 293
248 294
248 296
249 259
249 278
249 280
249 292
249 293
250 251
250 252
250 254
250 255
250 256
250 259
250 260
250 264
250 265
250 268
250 274
250 275
250 276
250 278
250 282
250 284
250 287
250 292
250 294
250 297
250 298
251 252
251 253
251 254
251 256
251 260
251 261
251 267
251 271
251 272
251 276
251 279
251 281
251 285
251 288
251 289
251 292
251 294
251 295
252 253
252 261
252 264
252 271
252 277
252 279
252 280
252 289
252 290
252 296
252 298
253 258
253 261
253 262
253 264
253 267
253 268
253 269
253 272
253 273
253 274
253 277
253 282
253 283
253 292
253 293
253 294
254 264
254 267
254 269
254 272
254 275
254 277
254 280
254 287
254 290
254 291
254 294
254 296
255 258
255 260
255 262
255 263
255 267
255 270
255 286
255 287
255 288
255 290
255 291
255 293
255 294
255 295
255 298
255 299
256 257
256 259
256 266
256 269
256 271
256 276
256 279
256 280
256 281
256 290
256 297
256 299
257 259
257 264
257 270
257 272
257 273
257 275
257 277
257 279
257 281
257 288
257 289
257 290
257 291
257 298
258 264
258 275
258 279
258 280
258 284
258 285
258 291
258 294
258 295
258 298
259 260
259 261
259 262
259 264
259 265
259 270
259 271
259 272
259 273
259 276
259 282
259 284
259 285
259 286
259 287
259 288
259 290
259 292
259 296
260 261
260 262
260 265
260 266
260 267
260 268
260 270
260 273
260 274
260 277
260 279
260 280
260 287
260 289
260 295
260 298
261 266
261 267
261 268
261 270
261 272
261 280
261 283
261 287
261 289
261 292
261 293
261 295
261 298
262 263
262 269
262 274
262 278
262 284
262 290
262 295
262 297
262 298
262 299
263 269
263 270
263 274
263 275
263 276
263 283
263 284
263 285
263 287
263 289
263 290
263 292
263 296
264 268
264 269
264 271
264 274
264 276
264 278
264 280
264 286
264 287
264 290
264 292
264 299
265 266
265 273
265 284
265 285
265 288
265 295
265 296
265 299
266 269
266 274
266 275
266 277
266 279
266 283
266 287
266 289
266 293
266 296
266 297
267 268
267 269
267 272
267 273
267 276
267 277
267 279
267 282
267 283
267 286
267 294
267 297
267 298
268 273
268 277
268 279
268 281
268 287
268 299
269 271
269 272
269 275
269 278
269 282
269 283
269 284
269 286
269 289
269 290
269 299
270 275
270 279
270 281
270 284
270 287
270 288
270 291
270 295
270 296
270 298
271 274
271 276
271 277
271 284
271 290
271 293
271 298
271 299
272 277
272 281
272 285
272 287
272 288
272 290
273 288
273 289
273 292
273 293
273 298
273 299
274 276
274 278
274 283
274 291
274 295
274 298
274 299
275 276
275 280
275 281
275 282
275 283
275 284
275 286
275 290
275 291
275 292
276 277
276 279
276 282
276 286
276 289
276 290
276 296
276 298
277 280
277 287
277 290
277 292
277 297
278 281
278 283
278 284
278 285
278 287
278 288
278 294
278 295
279 282
279 286
279 291
279 293
279 297
279 298
280 282
280 289
280 290
280 291
280 292
280 298
281 286
281 289
281 290
281 295
281 299
282 289
282 293
283 284
283 287
283 288
283 290
283 293
283 296
283 297
283 299
284 286
284 287
284 293
284 297
285 289
285 291
285 292
285 296
285 299
286 294
287 288
287 290
287 294
287 297
287 298
288 292
289 297
289 298
290 297
291 293
291 295
291 296
291 297
292 294
292 299
293 297
293 299
294 295
294 297
294 298
295 298
