0 1
0 3
0 5
0 6
0 7
0 8
0 11
0 13
0 16
0 19
0 23
0 24
0 27
0 28
0 40
0 45
0 48
0 51
0 53
0 57
0 61
0 63
0 65
0 67
0 71
0 79
0 80
0 83
0 87
0 88
0 91
0 103
0 107
0 110
0 122
0 124
0 125
0 126
0 135
0 143
0 146
0 149
0 157
0 166
0 170
0 176
0 177
0 180
0 186
0 190
0 192
0 193
1 2
1 6
1 10
1 11
1 20
1 21
1 30
1 34
1 44
1 45
1 46
1 51
1 52
1 64
1 65
1 66
1 68
1 69
1 70
1 71
1 74
1 75
1 76
1 78
1 79
1 88
1 89
1 95
1 100
1 102
1 103
1 104
1 108
1 111
1 115
1 116
1 117
1 122
1 124
1 126
1 127
1 136
1 150
1 153
1 156
1 157
1 159
1 170
1 176
1 194
1 197
2 7
2 11
2 17
2 20
2 21
2 22
2 25
2 29
2 33
2 34
2 36
2 37
2 41
2 44
2 45
2 52
2 53
2 54
2 55
2 56
2 70
2 74
2 78
2 89
2 94
2 96
2 99
2 101
2 104
2 109
2 116
2 120
2 125
2 135
2 137
2 139
2 142
2 146
2 149
2 150
2 156
2 158
2 159
2 160
2 161
2 162
2 165
2 167
2 168
2 175
2 176
2 177
2 178
2 180
2 181
2 182
2 183
2 193
2 199
3 7
3 9
3 10
3 15
3 16
3 18
3 22
3 25
3 26
3 27
3 31
3 32
3 44
3 45
3 47
3 49
3 51
3 55
3 57
3 59
3 61
3 64
3 68
3 71
3 72
3 78
3 81
3 82
3 84
3 88
3 91
3 94
3 95
3 96
3 97
3 100
3 101
3 102
3 104
3 108
3 111
3 114
3 116
3 119
3 120
3 122
3 123
3 124
3 127
3 128
3 129
3 130
3 133
3 138
3 147
3 152
3 160
3 163
3 164
3 166
3 170
3 172
3 176
3 177
3 183
4 7
4 8
4 9
4 10
4 12
4 13
4 16
4 18
4 23
4 26
4 30
4 33
4 34
4 35
4 45
4 48
4 50
4 52
4 59
4 60
4 62
4 63
4 64
4 65
4 73
4 79
4 80
4 89
4 90
4 100
4 101
4 102
4 105
4 107
4 109
4 110
4 113
4 117
4 119
4 123
4 124
4 129
4 131
4 134
4 142
4 143
4 147
4 154
4 157
4 159
4 160
4 162
4 175
4 176
4 179
4 181
4 189
4 191
4 193
4 197
5 8
5 9
5 11
5 12
5 13
5 14
5 17
5 19
5 21
5 24
5 29
5 30
5 32
5 33
5 34
5 37
5 39
5 42
5 51
5 53
5 55
5 57
5 59
5 63
5 69
5 71
5 74
5 76
5 78
5 79
5 81
5 88
5 91
5 95
5 96
5 97
5 98
5 100
5 102
5 103
5 104
5 105
5 107
5 111
5 115
5 116
5 117
5 119
5 120
5 126
5 133
5 134
5 135
5 141
5 147
5 151
5 153
5 156
5 157
5 158
5 159
5 165
5 170
5 173
5 180
5 181
5 184
5 187
5 188
5 190
5 194
5 196
5 197
6 7
6 9
6 14
6 16
6 17
6 20
6 21
6 24
6 35
6 37
6 39
6 40
6 41
6 44
6 47
6 49
6 57
6 59
6 63
6 64
6 67
6 68
6 74
6 75
6 81
6 84
6 88
6 91
6 92
6 95
6 96
6 104
6 108
6 110
6 113
6 118
6 119
6 124
6 127
6 128
6 129
6 135
6 138
6 145
6 148
6 151
6 154
6 155
6 156
6 165
6 166
6 169
6 173
6 180
6 181
6 182
6 188
6 194
6 195
6 197
6 198
6 199
7 10
7 15
7 24
7 34
7 35
7 36
7 39
7 42
7 44
7 47
7 49
7 56
7 60
7 65
7 69
7 72
7 73
7 75
7 80
7 86
7 97
7 98
7 99
7 102
7 105
7 109
7 112
7 115
7 127
7 133
7 139
7 143
7 144
7 147
7 148
7 149
7 152
7 155
7 158
7 160
7 164
7 166
7 169
7 174
7 177
7 178
7 179
7 182
7 183
7 184
7 185
7 186
7 187
7 190
7 191
7 194
7 196
7 197
8 9
8 11
8 12
8 13
8 17
8 23
8 29
8 30
8 36
8 43
8 47
8 48
8 51
8 52
8 53
8 55
8 59
8 64
8 70
8 71
8 73
8 76
8 78
8 81
8 84
8 87
8 88
8 95
8 99
8 104
8 105
8 106
8 108
8 113
8 114
8 116
8 117
8 118
8 120
8 121
8 124
8 127
8 128
8 132
8 135
8 137
8 142
8 144
8 147
8 150
8 157
8 158
8 159
8 161
8 163
8 166
8 168
8 177
8 180
8 182
8 184
8 185
8 187
8 189
8 190
8 192
8 193
8 196
9 14
9 16
9 17
9 19
9 22
9 25
9 28
9 29
9 34
9 36
9 43
9 45
9 46
9 47
9 49
9 51
9 53
9 54
9 57
9 61
9 63
9 66
9 68
9 73
9 75
9 77
9 81
9 87
9 91
9 92
9 105
9 113
9 119
9 124
9 125
9 132
9 142
9 143
9 145
9 148
9 150
9 152
9 158
9 159
9 160
9 161
9 162
9 163
9 165
9 177
9 184
9 185
9 186
9 187
9 189
9 194
9 197
9 198
10 11
10 12
10 14
10 16
10 18
10 20
10 23
10 29
10 41
10 42
10 45
10 46
10 50
10 51
10 54
10 62
10 66
10 69
10 71
10 73
10 74
10 78
10 80
10 86
10 87
10 88
10 93
10 94
10 115
10 121
10 127
10 139
10 143
10 147
10 148
10 150
10 156
10 159
10 160
10 163
10 170
10 178
10 181
10 182
10 183
10 186
10 187
10 194
10 195
10 198
10 199
11 12
11 13
11 14
11 17
11 18
11 21
11 23
11 27
11 29
11 30
11 36
11 42
11 46
11 48
11 52
11 54
11 55
11 57
11 58
11 60
11 61
11 73
11 74
11 76
11 77
11 79
11 81
11 85
11 86
11 88
11 90
11 91
11 94
11 95
11 98
11 101
11 102
11 103
11 107
11 108
11 120
11 122
11 123
11 124
11 129
11 132
11 134
11 136
11 137
11 150
11 162
11 163
11 168
11 170
11 171
11 174
11 179
11 182
11 190
12 21
12 22
12 24
12 25
12 26
12 27
12 29
12 30
12 31
12 35
12 36
12 38
12 40
12 43
12 44
12 48
12 50
12 51
12 54
12 55
12 61
12 64
12 71
12 73
12 78
12 84
12 93
12 95
12 96
12 108
12 109
12 113
12 117
12 119
12 123
12 130
12 132
12 134
12 136
12 137
12 138
12 146
12 150
12 152
12 154
12 156
12 157
12 158
12 159
12 161
12 165
12 166
12 177
12 182
12 184
12 188
12 189
12 191
12 192
12 196
12 198
12 199
13 20
13 30
13 31
13 35
13 39
13 40
13 44
13 47
13 50
13 51
13 52
13 53
13 59
13 60
13 63
13 66
13 72
13 84
13 86
13 89
13 94
13 95
13 96
13 103
13 107
13 108
13 112
13 114
13 116
13 118
13 119
13 120
13 121
13 124
13 129
13 130
13 142
13 144
13 147
13 152
13 154
13 155
13 159
13 160
13 171
13 181
13 184
13 185
13 189
13 191
13 193
13 194
14 15
14 22
14 25
14 31
14 37
14 39
14 40
14 41
14 42
14 44
14 47
14 48
14 53
14 55
14 60
14 65
14 69
14 71
14 74
14 81
14 89
14 90
14 91
14 93
14 99
14 100
14 106
14 107
14 109
14 115
14 118
14 121
14 122
14 123
14 124
14 125
14 127
14 130
14 132
14 142
14 152
14 153
14 157
14 158
14 160
14 161
14 162
14 163
14 170
14 175
14 182
14 185
14 188
14 193
14 194
14 198
15 16
15 20
15 25
15 33
15 34
15 37
15 46
15 56
15 57
15 64
15 66
15 72
15 75
15 76
15 78
15 84
15 91
15 93
15 94
15 95
15 97
15 99
15 100
15 104
15 106
15 107
15 109
15 112
15 113
15 116
15 117
15 123
15 127
15 128
15 134
15 137
15 139
15 140
15 143
15 149
15 156
15 159
15 160
15 161
15 171
15 173
15 181
15 182
15 183
15 184
15 186
15 187
15 193
16 18
16 20
16 21
16 23
16 26
16 32
16 34
16 36
16 41
16 42
16 44
16 50
16 53
16 55
16 59
16 64
16 65
16 66
16 67
16 69
16 70
16 73
16 81
16 82
16 84
16 87
16 97
16 106
16 107
16 110
16 114
16 115
16 117
16 122
16 124
16 133
16 136
16 142
16 144
16 147
16 148
16 163
16 164
16 165
16 167
16 170
16 173
16 174
16 178
16 179
16 180
16 187
16 191
17 20
17 21
17 23
17 25
17 28
17 35
17 38
17 42
17 45
17 46
17 53
17 54
17 60
17 61
17 63
17 78
17 83
17 88
17 91
17 96
17 103
17 106
17 108
17 110
17 116
17 122
17 126
17 131
17 137
17 139
17 147
17 150
17 154
17 157
17 158
17 160
17 161
17 168
17 170
17 171
17 175
17 177
17 179
17 180
17 182
17 187
17 190
17 199
18 22
18 26
18 27
18 28
18 29
18 30
18 37
18 40
18 41
18 42
18 44
18 45
18 46
18 47
18 58
18 61
18 64
18 65
18 71
18 73
18 75
18 76
18 77
18 78
18 79
18 81
18 82
18 84
18 90
18 93
18 102
18 103
18 107
18 110
18 112
18 113
18 118
18 120
18 123
18 124
18 129
18 134
18 137
18 140
18 142
18 145
18 146
18 153
18 154
18 156
18 160
18 161
18 166
18 178
18 187
18 191
18 194
18 199
19 21
19 24
19 25
19 26
19 29
19 37
19 38
19 41
19 43
19 45
19 51
19 52
19 57
19 65
19 66
19 67
19 76
19 80
19 82
19 83
19 84
19 91
19 99
19 101
19 105
19 106
19 107
19 108
19 109
19 119
19 122
19 123
19 124
19 126
19 134
19 137
19 138
19 139
19 140
19 144
19 146
19 149
19 157
19 160
19 163
19 166
19 167
19 168
19 172
19 174
19 177
19 184
19 188
19 189
19 191
19 192
19 193
19 196
19 198
20 21
20 23
20 25
20 26
20 28
20 31
20 33
20 34
20 35
20 44
20 46
20 50
20 51
20 56
20 61
20 63
20 64
20 66
20 67
20 72
20 73
20 86
20 87
20 98
20 100
20 106
20 108
20 110
20 113
20 114
20 124
20 125
20 127
20 129
20 132
20 134
20 149
20 151
20 156
20 158
20 159
20 160
20 167
20 168
20 170
20 171
20 174
20 175
20 176
20 177
20 179
20 180
20 182
20 183
20 186
20 187
20 190
20 191
20 192
20 194
21 22
21 25
21 26
21 29
21 33
21 34
21 38
21 45
21 57
21 58
21 63
21 72
21 77
21 83
21 90
21 92
21 93
21 94
21 95
21 98
21 99
21 100
21 108
21 111
21 119
21 127
21 130
21 133
21 134
21 135
21 151
21 152
21 155
21 163
21 175
21 180
21 183
21 194
21 195
21 196
21 197
21 198
22 32
22 41
22 50
22 52
22 58
22 63
22 65
22 68
22 75
22 86
22 87
22 89
22 91
22 94
22 98
22 99
22 105
22 106
22 107
22 116
22 124
22 127
22 131
22 133
22 135
22 136
22 138
22 140
22 142
22 143
22 148
22 149
22 153
22 156
22 163
22 171
22 178
22 180
22 184
22 188
22 193
22 195
23 27
23 30
23 45
23 46
23 47
23 49
23 59
23 61
23 67
23 69
23 70
23 74
23 75
23 78
23 90
23 98
23 99
23 101
23 104
23 106
23 108
23 109
23 114
23 116
23 118
23 119
23 129
23 133
23 135
23 136
23 145
23 146
23 152
23 159
23 160
23 162
23 163
23 165
23 167
23 170
23 173
23 178
23 180
23 183
23 191
23 194
24 27
24 32
24 37
24 39
24 40
24 41
24 47
24 48
24 67
24 70
24 103
24 104
24 105
24 108
24 109
24 110
24 113
24 119
24 130
24 132
24 135
24 142
24 143
24 144
24 147
24 148
24 149
24 150
24 156
24 159
24 161
24 167
24 169
24 174
24 175
24 180
24 184
24 185
24 188
24 190
24 193
24 195
24 199
25 27
25 33
25 38
25 42
25 49
25 53
25 57
25 64
25 65
25 66
25 67
25 73
25 76
25 77
25 102
25 105
25 106
25 108
25 109
25 110
25 112
25 116
25 117
25 122
25 125
25 131
25 134
25 138
25 143
25 146
25 151
25 152
25 153
25 154
25 159
25 162
25 163
25 165
25 168
25 170
25 174
25 175
25 179
25 182
25 186
25 192
25 195
25 196
25 198
25 199
26 28
26 29
26 31
26 41
26 50
26 52
26 53
26 54
26 59
26 61
26 62
26 67
26 68
26 70
26 75
26 77
26 79
26 81
26 85
26 87
26 92
26 93
26 94
26 99
26 105
26 107
26 111
26 112
26 114
26 115
26 118
26 120
26 121
26 124
26 125
26 127
26 135
26 137
26 138
26 139
26 140
26 144
26 145
26 149
26 150
26 158
26 159
26 169
26 172
26 176
26 179
26 182
26 184
26 186
26 188
26 191
26 193
26 197
26 198
27 32
27 33
27 38
27 42
27 50
27 58
27 60
27 62
27 63
27 71
27 74
27 81
27 82
27 88
27 91
27 93
27 98
27 107
27 108
27 109
27 114
27 115
27 116
27 122
27 131
27 132
27 134
27 137
27 138
27 141
27 143
27 145
27 147
27 150
27 153
27 161
27 164
27 169
27 174
27 177
27 178
27 181
27 187
27 189
27 193
27 197
27 198
28 30
28 33
28 34
28 36
28 39
28 41
28 44
28 45
28 47
28 49
28 50
28 52
28 55
28 56
28 58
28 62
28 63
28 68
28 79
28 84
28 99
28 100
28 105
28 106
28 111
28 112
28 113
28 115
28 118
28 124
28 125
28 135
28 137
28 139
28 140
28 142
28 148
28 150
28 151
28 153
28 154
28 156
28 158
28 171
28 174
28 175
28 181
28 186
28 195
29 32
29 39
29 42
29 44
29 48
29 49
29 50
29 51
29 55
29 57
29 61
29 63
29 70
29 72
29 75
29 82
29 85
29 87
29 101
29 105
29 108
29 112
29 129
29 132
29 138
29 140
29 143
29 160
29 168
29 173
29 177
29 179
29 181
29 186
29 189
29 191
29 194
29 195
29 196
29 197
29 198
30 37
30 38
30 40
30 41
30 59
30 67
30 75
30 77
30 79
30 80
30 82
30 83
30 84
30 87
30 88
30 93
30 94
30 99
30 100
30 103
30 107
30 109
30 113
30 114
30 115
30 119
30 120
30 128
30 131
30 136
30 138
30 141
30 150
30 151
30 157
30 159
30 160
30 161
30 163
30 165
30 167
30 173
30 178
30 185
30 186
30 191
30 192
30 194
30 195
30 196
30 198
31 33
31 35
31 39
31 45
31 47
31 51
31 60
31 63
31 64
31 67
31 68
31 70
31 72
31 81
31 83
31 87
31 89
31 91
31 93
31 95
31 96
31 99
31 100
31 103
31 108
31 111
31 113
31 119
31 125
31 127
31 128
31 129
31 135
31 136
31 140
31 141
31 146
31 149
31 150
31 155
31 156
31 157
31 162
31 164
31 169
31 177
31 184
31 185
31 197
31 198
31 199
32 41
32 47
32 53
32 55
32 59
32 60
32 61
32 68
32 69
32 70
32 78
32 84
32 85
32 89
32 93
32 97
32 102
32 104
32 107
32 108
32 113
32 116
32 127
32 132
32 136
32 138
32 139
32 141
32 144
32 155
32 159
32 160
32 166
32 170
32 173
32 174
32 175
32 179
32 180
32 182
32 183
32 184
32 191
32 192
32 193
32 195
32 197
32 198
32 199
33 37
33 39
33 41
33 44
33 46
33 48
33 51
33 54
33 57
33 62
33 69
33 70
33 71
33 74
33 77
33 81
33 87
33 91
33 95
33 96
33 100
33 110
33 111
33 112
33 114
33 115
33 116
33 118
33 119
33 129
33 130
33 134
33 137
33 141
33 142
33 144
33 146
33 147
33 148
33 150
33 153
33 167
33 173
33 174
33 175
33 176
33 182
33 190
33 192
33 193
33 194
33 196
33 197
33 198
34 35
34 39
34 40
34 43
34 51
34 66
34 71
34 82
34 85
34 87
34 92
34 94
34 105
34 106
34 108
34 110
34 114
34 116
34 124
34 127
34 130
34 132
34 139
34 151
34 158
34 160
34 161
34 162
34 168
34 169
34 177
34 187
34 188
34 192
34 194
34 199
35 36
35 37
35 38
35 40
35 41
35 47
35 51
35 52
35 54
35 57
35 64
35 66
35 67
35 71
35 73
35 75
35 76
35 82
35 83
35 84
35 89
35 93
35 97
35 100
35 108
35 123
35 128
35 135
35 138
35 141
35 143
35 146
35 153
35 156
35 160
35 161
35 170
35 171
35 175
35 178
35 179
35 180
35 181
35 190
35 192
35 193
35 196
35 197
36 38
36 41
36 44
36 46
36 51
36 56
36 59
36 69
36 79
36 80
36 88
36 89
36 93
36 95
36 100
36 105
36 113
36 115
36 116
36 120
36 122
36 126
36 132
36 135
36 136
36 137
36 142
36 143
36 148
36 157
36 159
36 162
36 164
36 166
36 169
36 172
36 179
36 182
36 187
36 189
36 191
36 192
36 194
37 39
37 43
37 44
37 49
37 52
37 57
37 69
37 74
37 79
37 88
37 90
37 92
37 97
37 101
37 102
37 104
37 106
37 115
37 116
37 120
37 122
37 123
37 134
37 145
37 147
37 153
37 154
37 167
37 168
37 170
37 181
37 183
37 187
37 192
38 40
38 43
38 45
38 46
38 58
38 60
38 62
38 63
38 66
38 67
38 70
38 72
38 74
38 76
38 83
38 85
38 86
38 88
38 90
38 91
38 96
38 99
38 101
38 103
38 107
38 111
38 115
38 117
38 118
38 120
38 126
38 127
38 129
38 130
38 132
38 133
38 138
38 141
38 146
38 147
38 150
38 156
38 159
38 171
38 178
38 182
38 188
38 189
38 190
38 193
38 195
39 40
39 41
39 44
39 47
39 48
39 51
39 59
39 60
39 61
39 62
39 63
39 64
39 65
39 68
39 71
39 72
39 78
39 80
39 85
39 90
39 94
39 102
39 107
39 108
39 109
39 111
39 113
39 121
39 127
39 128
39 132
39 135
39 136
39 138
39 139
39 140
39 141
39 144
39 149
39 155
39 156
39 164
39 167
39 168
39 173
39 174
39 178
39 186
39 188
39 190
39 191
39 192
39 195
39 196
40 43
40 44
40 45
40 49
40 50
40 51
40 57
40 62
40 65
40 67
40 68
40 81
40 84
40 85
40 86
40 90
40 92
40 97
40 98
40 99
40 100
40 104
40 119
40 123
40 124
40 125
40 126
40 130
40 134
40 136
40 137
40 138
40 149
40 150
40 151
40 153
40 155
40 156
40 164
40 170
40 175
40 180
40 182
40 183
40 185
40 187
40 188
40 189
40 193
41 49
41 52
41 53
41 54
41 55
41 64
41 67
41 77
41 86
41 89
41 91
41 92
41 93
41 96
41 98
41 100
41 102
41 105
41 107
41 110
41 114
41 116
41 119
41 121
41 122
41 124
41 128
41 132
41 134
41 138
41 140
41 142
41 143
41 144
41 148
41 150
41 152
41 154
41 155
41 158
41 163
41 165
41 166
41 170
41 175
41 177
41 181
41 186
41 187
41 194
41 195
42 44
42 52
42 53
42 57
42 60
42 65
42 67
42 68
42 70
42 73
42 74
42 75
42 77
42 78
42 80
42 89
42 91
42 93
42 94
42 97
42 99
42 104
42 105
42 110
42 111
42 113
42 118
42 119
42 123
42 124
42 125
42 126
42 127
42 128
42 132
42 138
42 139
42 143
42 145
42 146
42 155
42 160
42 161
42 162
42 164
42 169
42 170
42 172
42 174
42 180
42 186
42 192
42 194
42 195
42 196
42 198
43 45
43 48
43 49
43 55
43 63
43 64
43 68
43 70
43 71
43 73
43 74
43 88
43 90
43 92
43 94
43 95
43 101
43 105
43 107
43 115
43 119
43 121
43 123
43 129
43 131
43 132
43 133
43 135
43 136
43 138
43 147
43 149
43 155
43 156
43 157
43 158
43 162
43 163
43 166
43 169
43 176
43 179
43 180
43 182
43 189
43 197
44 50
44 51
44 52
44 55
44 57
44 58
44 60
44 61
44 65
44 67
44 71
44 73
44 75
44 76
44 77
44 81
44 84
44 85
44 92
44 95
44 98
44 100
44 104
44 105
44 108
44 109
44 110
44 112
44 118
44 120
44 126
44 127
44 130
44 133
44 135
44 136
44 137
44 141
44 143
44 146
44 151
44 155
44 156
44 158
44 160
44 164
44 172
44 185
44 186
44 190
44 191
45 48
45 50
45 54
45 57
45 62
45 64
45 70
45 71
45 73
45 84
45 85
45 90
45 99
45 100
45 102
45 104
45 105
45 113
45 116
45 117
45 119
45 121
45 126
45 127
45 129
45 135
45 136
45 141
45 142
45 143
45 144
45 148
45 152
45 153
45 155
45 157
45 158
45 159
45 163
45 165
45 166
45 168
45 170
45 171
45 172
45 178
45 179
45 182
45 183
45 185
45 186
45 187
45 193
45 195
45 198
46 50
46 51
46 52
46 53
46 54
46 55
46 56
46 58
46 60
46 61
46 64
46 74
46 75
46 81
46 83
46 84
46 86
46 87
46 89
46 94
46 100
46 103
46 104
46 108
46 116
46 122
46 130
46 132
46 134
46 136
46 137
46 141
46 152
46 153
46 155
46 158
46 161
46 162
46 163
46 168
46 171
46 176
46 180
46 181
46 184
46 185
46 186
46 189
46 195
46 196
46 199
47 48
47 50
47 54
47 55
47 59
47 61
47 65
47 69
47 70
47 71
47 72
47 77
47 79
47 82
47 86
47 88
47 91
47 92
47 94
47 98
47 100
47 101
47 103
47 113
47 114
47 115
47 125
47 126
47 130
47 133
47 138
47 144
47 146
47 160
47 162
47 170
47 174
47 186
47 188
47 189
47 196
47 199
48 50
48 57
48 59
48 61
48 65
48 69
48 71
48 72
48 77
48 80
48 81
48 84
48 86
48 90
48 115
48 118
48 121
48 128
48 129
48 132
48 133
48 137
48 139
48 142
48 153
48 156
48 159
48 162
48 166
48 168
48 170
48 172
48 175
48 178
48 183
48 187
48 188
48 189
48 190
48 191
48 192
48 194
48 195
48 196
48 198
48 199
49 51
49 56
49 57
49 65
49 68
49 70
49 71
49 72
49 73
49 76
49 77
49 80
49 81
49 83
49 87
49 90
49 93
49 94
49 95
49 96
49 97
49 99
49 100
49 101
49 102
49 104
49 107
49 112
49 115
49 116
49 123
49 124
49 127
49 131
49 137
49 138
49 144
49 147
49 153
49 154
49 155
49 156
49 162
49 167
49 174
49 177
49 178
49 181
49 188
49 191
49 199
50 51
50 57
50 60
50 69
50 74
50 76
50 80
50 85
50 86
50 88
50 89
50 100
50 102
50 106
50 109
50 110
50 114
50 116
50 121
50 122
50 123
50 124
50 126
50 135
50 140
50 142
50 144
50 145
50 148
50 150
50 151
50 152
50 153
50 157
50 161
50 166
50 171
50 177
50 179
50 180
50 181
50 183
50 189
50 190
50 194
50 199
51 54
51 55
51 69
51 72
51 74
51 76
51 77
51 78
51 80
51 81
51 85
51 87
51 88
51 89
51 92
51 97
51 103
51 107
51 108
51 112
51 114
51 116
51 118
51 121
51 124
51 126
51 127
51 134
51 138
51 139
51 141
51 142
51 143
51 153
51 160
51 161
51 162
51 164
51 166
51 167
51 168
51 171
51 180
51 181
51 182
51 184
51 185
51 191
51 193
51 196
52 57
52 66
52 68
52 72
52 80
52 88
52 89
52 90
52 91
52 92
52 93
52 96
52 101
52 102
52 105
52 112
52 120
52 121
52 125
52 132
52 134
52 148
52 149
52 150
52 152
52 155
52 161
52 166
52 167
52 170
52 174
52 176
52 184
52 185
52 186
52 187
52 190
52 191
52 193
52 194
52 195
52 197
52 198
52 199
53 58
53 61
53 62
53 73
53 78
53 81
53 86
53 89
53 90
53 97
53 99
53 104
53 109
53 121
53 124
53 125
53 129
53 136
53 145
53 146
53 155
53 157
53 163
53 166
53 168
53 169
53 172
53 173
53 177
53 179
53 180
53 181
53 182
53 183
53 186
53 192
53 197
54 59
54 61
54 63
54 65
54 70
54 71
54 78
54 80
54 82
54 83
54 84
54 86
54 88
54 89
54 94
54 98
54 109
54 110
54 111
54 114
54 119
54 120
54 125
54 126
54 131
54 137
54 144
54 145
54 146
54 150
54 151
54 152
54 154
54 156
54 158
54 166
54 171
54 173
54 178
54 181
54 185
54 190
54 191
54 192
55 56
55 57
55 60
55 61
55 65
55 67
55 72
55 75
55 76
55 77
55 84
55 85
55 86
55 89
55 104
55 105
55 115
55 116
55 123
55 125
55 126
55 127
55 130
55 131
55 137
55 138
55 141
55 142
55 147
55 154
55 161
55 162
55 166
55 169
55 170
55 171
55 177
55 180
55 181
55 184
55 186
55 187
55 188
55 189
55 192
55 195
56 62
56 77
56 79
56 81
56 84
56 85
56 86
56 91
56 93
56 94
56 95
56 97
56 98
56 102
56 103
56 106
56 109
56 111
56 116
56 117
56 122
56 142
56 146
56 153
56 154
56 157
56 159
56 160
56 162
56 166
56 167
56 169
56 170
56 172
56 176
56 179
56 188
56 190
56 191
56 192
56 193
56 196
56 199
57 62
57 64
57 65
57 66
57 71
57 73
57 74
57 77
57 85
57 86
57 88
57 89
57 94
57 97
57 98
57 102
57 103
57 109
57 112
57 113
57 118
57 119
57 120
57 123
57 128
57 132
57 137
57 138
57 140
57 143
57 146
57 147
57 151
57 152
57 153
57 159
57 160
57 161
57 162
57 172
57 174
57 176
57 178
57 190
57 191
57 193
57 198
58 59
58 60
58 61
58 66
58 67
58 73
58 75
58 76
58 79
58 87
58 89
58 90
58 93
58 96
58 97
58 102
58 103
58 104
58 106
58 115
58 117
58 120
58 121
58 123
58 125
58 128
58 135
58 139
58 144
58 148
58 152
58 153
58 155
58 159
58 165
58 167
58 169
58 175
58 180
58 181
58 187
58 189
58 191
58 196
58 198
59 60
59 65
59 69
59 71
59 72
59 78
59 83
59 85
59 90
59 92
59 95
59 99
59 101
59 102
59 103
59 104
59 107
59 108
59 111
59 115
59 116
59 119
59 126
59 130
59 131
59 133
59 137
59 139
59 140
59 141
59 149
59 150
59 151
59 153
59 155
59 157
59 161
59 163
59 168
59 169
59 173
59 175
59 177
59 179
59 195
60 61
60 63
60 70
60 71
60 73
60 75
60 81
60 84
60 86
60 87
60 90
60 91
60 94
60 96
60 100
60 107
60 119
60 120
60 123
60 124
60 129
60 130
60 131
60 132
60 135
60 142
60 147
60 149
60 152
60 158
60 162
60 163
60 165
60 167
60 169
60 171
60 175
60 176
60 177
60 184
60 187
60 189
60 194
60 198
60 199
61 65
61 66
61 72
61 75
61 80
61 83
61 84
61 89
61 91
61 95
61 99
61 100
61 101
61 102
61 106
61 107
61 108
61 111
61 113
61 120
61 122
61 124
61 125
61 132
61 136
61 144
61 148
61 150
61 154
61 157
61 158
61 166
61 168
61 169
61 170
61 176
61 177
61 181
61 196
61 197
61 198
61 199
62 64
62 65
62 70
62 72
62 73
62 75
62 76
62 77
62 80
62 83
62 85
62 86
62 88
62 95
62 102
62 105
62 106
62 110
62 111
62 115
62 119
62 120
62 122
62 126
62 130
62 131
62 136
62 137
62 140
62 142
62 144
62 147
62 148
62 149
62 151
62 155
62 157
62 160
62 161
62 162
62 168
62 169
62 170
62 178
62 179
62 184
62 186
62 190
62 197
62 198
63 65
63 66
63 71
63 73
63 76
63 77
63 79
63 80
63 84
63 86
63 87
63 94
63 98
63 99
63 100
63 104
63 105
63 108
63 112
63 120
63 128
63 132
63 138
63 151
63 154
63 158
63 159
63 160
63 164
63 166
63 178
63 179
63 184
63 186
63 190
63 196
64 67
64 70
64 75
64 77
64 83
64 87
64 90
64 94
64 96
64 101
64 107
64 109
64 110
64 117
64 119
64 124
64 129
64 138
64 141
64 144
64 146
64 147
64 149
64 155
64 158
64 159
64 167
64 171
64 173
64 174
64 175
64 176
64 178
64 179
64 181
64 186
64 191
64 193
65 66
65 67
65 69
65 70
65 75
65 77
65 78
65 82
65 88
65 98
65 99
65 106
65 107
65 118
65 119
65 120
65 125
65 126
65 130
65 137
65 144
65 146
65 149
65 155
65 167
65 170
65 173
65 175
65 177
65 181
65 183
65 184
65 191
65 197
66 67
66 73
66 76
66 82
66 84
66 85
66 91
66 96
66 99
66 102
66 103
66 105
66 111
66 116
66 120
66 126
66 129
66 138
66 139
66 143
66 148
66 153
66 155
66 156
66 158
66 160
66 165
66 167
66 169
66 175
66 177
66 179
66 180
66 181
66 188
66 189
66 195
67 70
67 71
67 75
67 76
67 77
67 78
67 79
67 80
67 83
67 84
67 90
67 96
67 103
67 104
67 110
67 115
67 116
67 121
67 122
67 124
67 130
67 131
67 138
67 139
67 144
67 156
67 157
67 160
67 161
67 162
67 166
67 171
67 179
67 180
67 181
67 182
67 183
67 188
67 189
67 191
67 194
67 196
67 197
68 69
68 73
68 79
68 80
68 81
68 82
68 84
68 86
68 87
68 90
68 91
68 92
68 94
68 97
68 98
68 102
68 110
68 111
68 112
68 117
68 118
68 120
68 123
68 125
68 127
68 134
68 136
68 138
68 142
68 144
68 145
68 146
68 149
68 155
68 157
68 159
68 163
68 165
68 168
68 181
68 183
68 185
68 188
68 189
68 190
68 196
68 197
69 74
69 75
69 80
69 82
69 87
69 91
69 92
69 96
69 101
69 106
69 110
69 117
69 123
69 127
69 130
69 135
69 136
69 138
69 139
69 141
69 142
69 149
69 150
69 157
69 161
69 162
69 169
69 173
69 183
69 184
69 185
69 187
69 188
69 191
69 195
70 74
70 75
70 76
70 82
70 85
70 89
70 91
70 93
70 97
70 101
70 104
70 107
70 109
70 114
70 123
70 125
70 126
70 132
70 136
70 138
70 140
70 150
70 164
70 166
70 167
70 172
70 175
70 180
70 183
70 189
70 191
71 73
71 77
71 81
71 83
71 86
71 99
71 100
71 105
71 113
71 114
71 115
71 116
71 121
71 123
71 128
71 137
71 139
71 140
71 142
71 156
71 163
71 165
71 172
71 182
71 184
71 186
71 190
71 191
71 192
71 194
72 73
72 74
72 75
72 81
72 88
72 90
72 91
72 96
72 106
72 109
72 111
72 116
72 120
72 121
72 122
72 129
72 130
72 142
72 145
72 148
72 155
72 157
72 165
72 167
72 168
72 172
72 173
72 174
72 177
72 183
72 185
72 190
72 192
72 194
73 74
73 76
73 86
73 89
73 102
73 104
73 105
73 108
73 112
73 113
73 115
73 117
73 118
73 121
73 128
73 136
73 138
73 144
73 147
73 153
73 155
73 156
73 157
73 161
73 165
73 171
73 172
73 174
73 183
73 186
73 189
73 193
73 199
74 75
74 83
74 84
74 92
74 93
74 95
74 97
74 99
74 105
74 107
74 108
74 113
74 114
74 115
74 116
74 117
74 119
74 120
74 125
74 127
74 135
74 137
74 138
74 139
74 145
74 151
74 153
74 154
74 156
74 159
74 161
74 162
74 163
74 164
74 165
74 173
74 191
74 194
74 195
74 196
74 198
75 78
75 80
75 82
75 84
75 89
75 90
75 91
75 94
75 95
75 97
75 101
75 104
75 107
75 109
75 115
75 118
75 119
75 124
75 125
75 137
75 138
75 140
75 142
75 143
75 145
75 146
75 147
75 149
75 155
75 156
75 157
75 160
75 161
75 162
75 163
75 164
75 165
75 172
75 177
75 179
75 182
75 183
75 186
75 187
75 189
75 193
75 194
75 199
76 78
76 79
76 80
76 81
76 82
76 83
76 84
76 86
76 93
76 96
76 100
76 101
76 105
76 107
76 115
76 118
76 122
76 123
76 126
76 129
76 130
76 132
76 134
76 137
76 141
76 144
76 148
76 154
76 155
76 156
76 164
76 165
76 180
76 183
76 184
76 187
76 190
76 199
77 86
77 89
77 92
77 94
77 96
77 101
77 105
77 115
77 117
77 118
77 119
77 125
77 127
77 128
77 131
77 136
77 138
77 150
77 152
77 154
77 156
77 163
77 164
77 170
77 174
77 177
77 180
77 181
77 184
78 83
78 85
78 86
78 90
78 94
78 95
78 96
78 100
78 101
78 104
78 107
78 108
78 118
78 122
78 125
78 126
78 133
78 136
78 143
78 146
78 148
78 149
78 156
78 157
78 162
78 163
78 170
78 176
78 178
78 180
78 181
78 182
78 184
78 185
78 186
78 189
78 192
78 196
78 197
78 199
79 80
79 81
79 82
79 84
79 85
79 88
79 97
79 98
79 100
79 103
79 107
79 115
79 119
79 120
79 125
79 127
79 129
79 143
79 145
79 146
79 147
79 148
79 152
79 154
79 157
79 161
79 164
79 165
79 166
79 168
79 169
79 170
79 171
79 172
79 174
79 176
79 178
79 179
79 183
79 186
79 189
79 192
79 193
79 194
79 195
80 81
80 84
80 85
80 87
80 89
80 92
80 94
80 96
80 97
80 99
80 100
80 102
80 103
80 105
80 108
80 110
80 117
80 119
80 120
80 123
80 135
80 140
80 145
80 147
80 148
80 152
80 153
80 156
80 159
80 161
80 162
80 168
80 171
80 172
80 187
80 188
80 190
80 192
80 195
80 196
81 82
81 85
81 88
81 91
81 92
81 94
81 95
81 96
81 100
81 101
81 105
81 107
81 109
81 111
81 125
81 136
81 138
81 139
81 140
81 142
81 143
81 145
81 152
81 155
81 157
81 161
81 164
81 168
81 178
81 185
81 186
81 191
81 193
81 194
81 196
81 197
81 198
82 88
82 90
82 96
82 97
82 105
82 111
82 112
82 113
82 114
82 119
82 131
82 132
82 133
82 141
82 142
82 143
82 144
82 145
82 151
82 152
82 153
82 159
82 164
82 167
82 168
82 170
82 172
82 180
82 185
82 192
82 196
82 199
83 87
83 88
83 89
83 91
83 97
83 100
83 103
83 107
83 109
83 110
83 112
83 118
83 122
83 129
83 134
83 142
83 153
83 154
83 157
83 162
83 165
83 169
83 170
83 173
83 176
83 191
83 192
83 193
83 199
84 87
84 89
84 91
84 93
84 95
84 96
84 98
84 100
84 101
84 103
84 106
84 110
84 112
84 117
84 120
84 123
84 124
84 135
84 141
84 146
84 147
84 148
84 151
84 156
84 157
84 158
84 159
84 163
84 170
84 171
84 174
84 176
84 177
84 180
84 189
84 191
84 192
84 193
84 197
84 198
85 89
85 99
85 105
85 107
85 110
85 114
85 117
85 123
85 125
85 126
85 128
85 132
85 135
85 136
85 139
85 155
85 156
85 157
85 160
85 161
85 162
85 171
85 176
85 181
85 182
85 186
85 193
85 194
85 197
85 199
86 95
86 96
86 98
86 104
86 107
86 109
86 111
86 112
86 115
86 117
86 122
86 123
86 130
86 133
86 141
86 153
86 155
86 159
86 162
86 163
86 165
86 169
86 171
86 175
86 178
86 188
86 189
86 192
86 193
86 194
86 197
86 198
87 91
87 93
87 95
87 98
87 100
87 102
87 103
87 104
87 105
87 106
87 108
87 111
87 114
87 119
87 120
87 121
87 134
87 142
87 146
87 152
87 153
87 157
87 160
87 161
87 165
87 169
87 170
87 171
87 175
87 177
87 179
87 185
87 187
87 195
88 92
88 95
88 103
88 105
88 111
88 112
88 113
88 116
88 120
88 132
88 142
88 143
88 146
88 149
88 153
88 155
88 159
88 160
88 174
88 175
88 176
88 181
88 186
88 189
88 191
88 193
88 197
89 93
89 94
89 98
89 101
89 103
89 109
89 110
89 112
89 127
89 144
89 147
89 151
89 152
89 153
89 154
89 160
89 162
89 165
89 171
89 175
89 177
89 181
89 182
89 184
89 191
89 193
89 197
90 91
90 94
90 103
90 104
90 107
90 111
90 112
90 114
90 117
90 119
90 122
90 123
90 126
90 128
90 129
90 130
90 131
90 132
90 133
90 138
90 145
90 147
90 148
90 152
90 158
90 160
90 163
90 168
90 171
90 177
90 190
90 195
90 197
91 93
91 94
91 95
91 100
91 102
91 104
91 105
91 107
91 113
91 125
91 128
91 129
91 133
91 134
91 135
91 138
91 147
91 149
91 158
91 159
91 165
91 167
91 169
91 170
91 173
91 174
91 180
91 182
91 187
91 189
91 191
91 193
91 194
91 198
91 199
92 95
92 106
92 109
92 110
92 111
92 113
92 114
92 115
92 118
92 120
92 123
92 125
92 135
92 138
92 140
92 141
92 149
92 150
92 151
92 153
92 157
92 158
92 163
92 169
92 172
92 182
92 183
92 185
92 192
92 195
92 197
92 198
93 96
93 97
93 104
93 107
93 108
93 110
93 111
93 114
93 116
93 117
93 118
93 125
93 130
93 136
93 145
93 147
93 148
93 150
93 152
93 153
93 158
93 162
93 163
93 170
93 176
93 180
93 181
93 182
93 188
93 190
93 195
94 99
94 100
94 102
94 103
94 108
94 110
94 111
94 112
94 113
94 115
94 116
94 117
94 123
94 124
94 132
94 141
94 143
94 145
94 147
94 148
94 149
94 151
94 152
94 154
94 157
94 158
94 160
94 166
94 167
94 177
94 179
94 183
94 186
94 188
94 196
94 199
95 96
95 97
95 102
95 108
95 118
95 120
95 121
95 122
95 124
95 135
95 139
95 141
95 145
95 146
95 151
95 154
95 155
95 158
95 160
95 165
95 168
95 169
95 170
95 180
95 181
95 184
95 187
95 188
95 192
95 193
95 195
96 98
96 99
96 100
96 101
96 107
96 114
96 116
96 120
96 121
96 122
96 131
96 140
96 142
96 143
96 144
96 155
96 156
96 160
96 164
96 168
96 171
96 174
96 178
96 182
96 185
96 194
96 195
96 199
97 101
97 104
97 108
97 110
97 113
97 114
97 120
97 122
97 124
97 129
97 136
97 137
97 146
97 154
97 160
97 161
97 169
97 171
97 172
97 175
97 179
97 184
97 185
97 187
97 190
98 101
98 102
98 105
98 106
98 109
98 110
98 114
98 115
98 116
98 121
98 123
98 127
98 128
98 130
98 141
98 145
98 148
98 152
98 154
98 159
98 160
98 161
98 163
98 166
98 168
98 170
98 177
98 179
98 181
98 185
98 186
98 187
98 188
98 192
98 193
99 103
99 104
99 105
99 107
99 109
99 111
99 123
99 128
99 130
99 141
99 144
99 145
99 147
99 151
99 152
99 158
99 162
99 164
99 170
99 175
99 179
99 182
99 183
99 185
99 186
99 188
99 189
99 193
99 194
99 196
100 103
100 104
100 110
100 113
100 114
100 115
100 122
100 124
100 126
100 130
100 131
100 132
100 133
100 134
100 138
100 140
100 141
100 145
100 147
100 153
100 158
100 160
100 165
100 166
100 171
100 174
100 175
100 178
100 182
100 183
100 184
100 185
100 186
100 190
100 194
100 195
101 107
101 109
101 115
101 116
101 118
101 119
101 124
101 127
101 128
101 129
101 134
101 135
101 139
101 146
101 151
101 154
101 156
101 157
101 162
101 163
101 167
101 168
101 186
101 190
101 191
101 194
101 195
101 199
102 103
102 106
102 107
102 109
102 111
102 114
102 117
102 121
102 122
102 124
102 126
102 130
102 131
102 133
102 134
102 136
102 137
102 139
102 141
102 145
102 147
102 148
102 150
102 151
102 153
102 155
102 157
102 159
102 161
102 162
102 163
102 165
102 168
102 171
102 173
102 174
102 176
102 186
102 189
102 192
102 197
102 198
103 109
103 112
103 115
103 116
103 118
103 120
103 121
103 127
103 131
103 133
103 137
103 140
103 143
103 144
103 148
103 151
103 152
103 153
103 154
103 158
103 161
103 169
103 182
103 187
103 190
103 197
103 198
104 110
104 114
104 116
104 118
104 119
104 120
104 123
104 125
104 127
104 129
104 139
104 141
104 142
104 143
104 144
104 145
104 147
104 151
104 153
104 162
104 164
104 167
104 168
104 169
104 170
104 171
104 175
104 177
104 184
104 187
104 190
104 191
104 193
105 106
105 107
105 112
105 116
105 119
105 121
105 129
105 133
105 134
105 135
105 139
105 140
105 142
105 147
105 148
105 149
105 150
105 153
105 154
105 156
105 160
105 162
105 163
105 167
105 170
105 171
105 179
105 185
106 107
106 108
106 110
106 115
106 119
106 120
106 124
106 125
106 129
106 130
106 131
106 133
106 146
106 148
106 159
106 162
106 164
106 166
106 178
106 179
106 181
106 184
106 189
106 193
106 194
106 195
106 198
106 199
107 108
107 114
107 118
107 121
107 125
107 126
107 129
107 131
107 134
107 141
107 146
107 158
107 161
107 163
107 166
107 167
107 170
107 176
107 179
107 181
107 182
107 189
107 192
107 194
107 199
108 109
108 110
108 111
108 113
108 115
108 126
108 130
108 131
108 137
108 138
108 143
108 148
108 149
108 153
108 163
108 167
108 174
108 175
108 176
108 177
108 182
108 184
108 188
108 195
108 196
108 198
109 111
109 120
109 125
109 128
109 132
109 133
109 141
109 142
109 143
109 147
109 155
109 157
109 158
109 159
109 167
109 169
109 172
109 175
109 176
109 186
109 187
109 188
109 192
110 112
110 117
110 118
110 123
110 124
110 125
110 128
110 130
110 133
110 140
110 149
110 151
110 152
110 154
110 158
110 159
110 170
110 172
110 173
110 174
110 176
110 180
110 183
110 185
110 188
110 189
110 191
110 193
110 194
110 196
110 197
111 117
111 118
111 119
111 120
111 121
111 123
111 126
111 127
111 131
111 134
111 145
111 147
111 148
111 153
111 154
111 157
111 159
111 161
111 165
111 171
111 175
111 176
111 178
111 179
111 182
111 184
111 190
111 191
111 196
112 116
112 118
112 122
112 125
112 127
112 128
112 130
112 133
112 135
112 138
112 148
112 149
112 150
112 152
112 161
112 162
112 163
112 165
112 170
112 171
112 178
112 179
112 183
112 186
112 187
112 190
112 192
112 193
112 194
113 115
113 122
113 124
113 127
113 133
113 135
113 138
113 140
113 142
113 148
113 150
113 155
113 158
113 159
113 163
113 165
113 172
113 177
113 178
113 183
113 187
113 189
113 190
113 191
113 198
114 117
114 120
114 121
114 127
114 131
114 135
114 141
114 149
114 154
114 155
114 156
114 160
114 161
114 164
114 174
114 175
114 177
114 179
114 182
114 183
114 190
114 191
114 194
115 116
115 120
115 121
115 125
115 136
115 138
115 141
115 142
115 144
115 154
115 156
115 157
115 158
115 160
115 164
115 170
115 171
115 173
115 174
115 183
115 192
115 194
115 198
116 118
116 132
116 133
116 134
116 136
116 137
116 140
116 141
116 142
116 147
116 150
116 155
116 156
116 161
116 162
116 163
116 164
116 166
116 171
116 172
116 180
116 182
116 184
116 188
116 189
116 191
116 192
116 194
116 195
116 197
116 198
117 118
117 119
117 122
117 123
117 126
117 129
117 130
117 132
117 136
117 140
117 144
117 152
117 160
117 162
117 163
117 164
117 167
117 170
117 171
117 174
117 176
117 178
117 181
117 185
117 187
117 192
117 197
118 119
118 126
118 129
118 130
118 133
118 135
118 136
118 140
118 144
118 149
118 150
118 152
118 153
118 154
118 162
118 169
118 170
118 171
118 173
118 178
118 180
118 181
118 182
118 187
118 190
118 191
118 193
118 194
119 120
119 127
119 128
119 130
119 133
119 138
119 139
119 143
119 148
119 163
119 165
119 166
119 167
119 168
119 172
119 177
119 179
119 186
119 194
119 199
120 126
120 128
120 141
120 142
120 147
120 148
120 150
120 152
120 153
120 158
120 163
120 164
120 166
120 167
120 172
120 173
120 175
120 176
120 180
120 181
120 182
120 184
120 196
120 198
121 123
121 128
121 129
121 130
121 131
121 133
121 141
121 143
121 145
121 149
121 153
121 154
121 155
121 156
121 157
121 159
121 161
121 162
121 163
121 172
121 177
121 178
121 183
121 184
121 187
121 189
121 190
121 193
121 197
121 199
122 128
122 131
122 133
122 135
122 136
122 137
122 139
122 141
122 142
122 143
122 144
122 148
122 151
122 159
122 160
122 162
122 163
122 165
122 167
122 168
122 170
122 172
122 173
122 174
122 181
122 182
122 187
122 188
122 189
122 190
122 194
122 199
123 133
123 134
123 136
123 137
123 138
123 146
123 147
123 150
123 151
123 155
123 161
123 163
123 171
123 173
123 174
123 177
123 180
123 182
123 183
123 192
123 193
123 195
123 197
124 127
124 128
124 135
124 138
124 141
124 145
124 147
124 148
124 150
124 153
124 154
124 157
124 161
124 167
124 170
124 179
124 181
124 190
124 192
125 132
125 134
125 135
125 138
125 143
125 161
125 162
125 167
125 170
125 171
125 172
125 173
125 177
125 179
125 180
125 183
125 187
125 188
125 193
125 197
125 198
126 128
126 129
126 132
126 133
126 135
126 138
126 139
126 142
126 144
126 146
126 148
126 158
126 166
126 170
126 173
126 175
126 178
126 183
126 184
126 185
126 187
126 189
126 192
127 132
127 139
127 144
127 145
127 146
127 148
127 154
127 156
127 157
127 172
127 173
127 178
127 181
127 185
127 187
127 188
127 193
127 195
127 196
127 199
128 129
128 131
128 132
128 133
128 138
128 145
128 146
128 147
128 149
128 150
128 154
128 160
128 162
128 169
128 174
128 176
128 179
128 182
128 187
128 199
129 130
129 131
129 135
129 137
129 142
129 144
129 147
129 148
129 149
129 151
129 152
129 153
129 156
129 160
129 161
129 164
129 169
129 172
129 179
129 181
129 182
129 183
129 185
129 186
129 187
129 191
129 192
129 193
129 196
129 197
130 133
130 140
130 143
130 148
130 150
130 153
130 154
130 155
130 157
130 159
130 163
130 165
130 168
130 173
130 175
130 176
130 177
130 183
130 188
130 194
131 135
131 136
131 137
131 138
131 141
131 148
131 150
131 151
131 156
131 166
131 174
131 177
131 178
131 180
131 181
131 182
131 183
131 186
131 187
131 189
131 192
131 195
131 196
131 198
131 199
132 133
132 134
132 137
132 140
132 149
132 163
132 166
132 168
132 174
132 181
132 187
132 197
133 143
133 146
133 148
133 163
133 165
133 168
133 170
133 175
133 176
133 177
133 180
133 184
133 190
133 196
133 197
134 142
134 143
134 145
134 149
134 150
134 152
134 155
134 157
134 161
134 162
134 163
134 185
134 188
134 193
134 194
134 195
134 197
135 138
135 143
135 148
135 152
135 153
135 155
135 158
135 159
135 160
135 162
135 165
135 166
135 170
135 171
135 173
135 176
135 177
135 178
135 179
135 180
135 182
135 183
135 190
135 192
135 193
135 195
136 139
136 144
136 147
136 149
136 150
136 156
136 158
136 159
136 162
136 163
136 164
136 165
136 166
136 171
136 174
136 178
136 179
136 181
136 182
136 184
136 185
136 191
136 195
137 142
137 143
137 145
137 153
137 160
137 163
137 169
137 173
137 176
137 180
137 181
137 191
137 194
137 195
137 196
138 142
138 152
138 153
138 155
138 160
138 163
138 175
138 180
138 186
138 187
138 191
138 193
138 194
138 195
138 196
139 141
139 142
139 146
139 148
139 149
139 155
139 162
139 168
139 173
139 174
139 181
139 184
139 185
139 188
139 197
140 155
140 156
140 159
140 160
140 163
140 164
140 165
140 178
140 179
140 182
140 185
140 188
140 190
140 194
140 196
141 143
141 145
141 146
141 154
141 155
141 158
141 172
141 173
141 175
141 177
141 181
141 183
141 192
141 198
141 199
142 149
142 164
142 168
142 173
142 178
142 180
142 182
142 185
142 189
142 191
142 192
142 194
142 197
142 199
143 150
143 156
143 157
143 160
143 162
143 166
143 167
143 168
143 171
143 172
143 178
143 186
143 190
143 196
144 146
144 148
144 150
144 151
144 152
144 154
144 155
144 157
144 161
144 175
144 176
144 181
144 188
144 189
144 191
144 199
145 146
145 148
145 151
145 152
145 155
145 157
145 158
145 159
145 163
145 168
145 173
145 175
145 177
145 179
145 183
145 185
145 190
145 191
145 193
146 147
146 150
146 156
146 160
146 166
146 168
146 169
146 174
146 181
146 182
146 183
146 187
146 191
146 196
147 149
147 153
147 154
147 156
147 157
147 158
147 163
147 173
147 177
147 179
147 184
147 185
147 192
147 196
147 197
148 151
148 155
148 157
148 159
148 160
148 165
148 166
148 167
148 175
148 181
148 182
148 183
148 185
148 186
148 189
148 190
149 161
149 162
149 163
149 167
149 169
149 171
149 172
149 178
149 179
149 182
149 185
149 188
149 192
149 195
149 197
149 198
150 162
150 165
150 168
150 172
150 174
150 178
150 180
150 183
150 186
150 194
150 196
150 198
151 154
151 155
151 156
151 162
151 165
151 170
151 171
151 172
151 182
151 183
151 185
151 187
151 192
151 193
151 194
151 195
152 159
152 160
152 162
152 163
152 164
152 167
152 168
152 172
152 173
152 174
152 176
152 179
152 181
152 186
152 195
152 199
153 159
153 162
153 164
153 168
153 169
153 176
153 180
153 184
153 188
153 192
153 193
153 198
154 158
154 159
154 161
154 165
154 166
154 167
154 168
154 179
154 180
154 181
154 182
154 191
154 194
154 196
154 198
154 199
155 159
155 160
155 162
155 164
155 171
155 174
155 175
155 177
155 178
155 182
155 183
155 184
155 191
155 193
155 198
156 157
156 161
156 162
156 165
156 167
156 168
156 169
156 170
156 172
156 176
156 180
156 189
156 190
156 192
156 196
156 197
156 198
157 162
157 164
157 165
157 166
157 169
157 174
157 178
157 184
157 186
157 188
157 189
157 191
157 192
157 195
157 196
157 199
158 160
158 164
158 165
158 166
158 170
158 175
158 176
158 179
158 180
158 185
158 187
158 190
158 192
158 195
158 198
158 199
159 163
159 171
159 173
159 174
159 181
159 182
159 183
159 185
159 188
159 193
159 195
159 196
159 197
160 162
160 169
160 176
160 178
160 181
160 182
160 187
160 189
160 190
160 191
160 196
160 197
160 198
161 173
161 177
161 181
161 182
161 185
161 187
161 191
162 163
162 164
162 165
162 167
162 170
162 175
162 184
162 190
162 191
162 192
162 194
163 164
163 165
163 168
163 171
163 172
163 192
163 195
164 168
164 171
164 173
164 174
164 177
164 183
164 187
164 188
164 190
164 191
164 193
164 196
165 167
165 170
165 173
165 174
165 175
165 182
165 183
165 185
165 188
165 189
165 194
165 195
165 198
166 167
166 184
166 191
166 192
166 199
167 171
167 179
167 182
167 183
167 184
167 188
167 189
167 191
167 197
168 171
168 174
168 175
168 177
168 181
168 185
168 187
168 190
168 193
168 194
169 170
169 171
169 175
169 183
169 185
169 191
169 199
170 171
170 174
170 183
170 185
170 189
170 196
170 199
171 172
171 176
171 178
171 182
171 185
171 189
171 191
171 194
171 196
172 173
172 174
172 181
172 189
172 196
172 197
172 199
173 174
173 175
173 177
173 179
173 180
173 181
173 186
173 194
173 197
174 176
174 177
174 181
174 182
174 183
174 188
174 191
174 198
175 180
175 193
175 194
175 195
175 197
175 198
175 199
176 178
176 179
176 182
176 183
176 184
176 191
176 192
176 195
176 196
176 197
176 199
177 182
177 187
177 189
178 183
178 184
178 186
178 193
178 198
179 181
179 187
179 193
179 196
179 198
180 181
180 189
180 192
180 196
181 184
181 185
181 187
181 188
181 194
181 195
182 190
182 197
182 198
183 185
183 186
183 192
183 195
183 199
184 185
184 194
184 195
185 187
185 192
185 199
186 188
186 191
186 192
186 193
186 197
187 188
187 189
187 191
187 192
187 197
188 189
188 194
188 198
189 190
189 193
189 194
189 198
190 191
190 193
190 196
190 198
190 199
191 192
191 194
191 196
191 197
192 193
193 194
193 195
193 196
193 199
194 195
194 196
194 198
195 197
195 198
196 198
197 198
