0 2
0 3
0 4
0 8
0 10
0 11
0 13
0 14
0 17
0 20
0 24
1 4
1 5
1 19
1 20
1 21
1 22
1 23
1 24
2 3
2 7
2 8
2 12
2 14
2 22
2 23
3 4
3 5
3 13
3 14
3 16
3 20
3 23
3 24
4 5
4 9
4 15
4 19
4 21
5 7
5 9
5 12
5 15
5 20
5 22
6 9
6 12
6 14
6 17
6 20
6 23
7 9
7 15
7 16
7 19
7 20
7 21
7 23
8 10
8 11
8 13
8 14
8 20
8 21
9 13
9 17
9 18
9 21
9 22
10 13
10 19
10 21
10 23
11 13
11 21
11 22
12 15
12 19
12 21
12 22
13 14
13 15
13 17
13 24
14 16
14 19
14 22
15 17
15 18
15 19
15 24
16 22
16 24
17 20
17 21
17 22
17 24
18 21
18 23
19 22
19 24
20 21
20 24
22 23
22 24
