0 9
0 25
0 29
0 38
0 43
0 44
0 47
0 48
0 49
0 52
0 53
0 58
0 65
0 69
0 72
0 78
0 80
0 86
0 88
0 91
0 94
0 95
0 96
0 99
0 100
0 101
0 102
0 105
0 107
0 111
0 115
0 121
0 123
0 126
0 135
0 136
0 137
0 138
0 142
0 149
0 153
0 155
0 156
0 159
0 160
0 162
0 166
0 169
0 170
0 173
0 174
0 175
0 192
1 2
1 10
1 11
1 18
1 19
1 20
1 21
1 22
1 27
1 31
1 33
1 34
1 46
1 50
1 51
1 52
1 53
1 55
1 57
1 58
1 59
1 63
1 64
1 67
1 68
1 74
1 75
1 77
1 81
1 86
1 99
1 100
1 103
1 106
1 112
1 117
1 118
1 122
1 123
1 124
1 125
1 127
1 129
1 131
1 134
1 136
1 138
1 140
1 153
1 154
1 156
1 157
1 159
1 165
1 167
1 168
1 169
1 176
1 182
1 187
1 189
1 192
1 193
1 195
1 196
2 10
2 11
2 12
2 17
2 20
2 22
2 23
2 25
2 28
2 32
2 35
2 36
2 44
2 50
2 55
2 57
2 59
2 67
2 69
2 70
2 74
2 77
2 85
2 89
2 91
2 93
2 97
2 99
2 101
2 104
2 107
2 110
2 115
2 120
2 122
2 124
2 125
2 126
2 127
2 130
2 133
2 136
2 139
2 142
2 144
2 147
2 148
2 149
2 155
2 156
2 157
2 158
2 171
2 173
2 175
2 180
2 183
2 184
2 185
2 187
2 188
2 195
3 6
3 7
3 9
3 10
3 20
3 21
3 31
3 32
3 33
3 37
3 38
3 41
3 45
3 46
3 56
3 58
3 60
3 63
3 68
3 70
3 74
3 75
3 78
3 79
3 80
3 84
3 90
3 92
3 96
3 100
3 101
3 102
3 121
3 125
3 126
3 128
3 132
3 134
3 135
3 139
3 140
3 149
3 157
3 159
3 162
3 164
3 169
3 173
3 174
3 176
3 177
3 178
3 180
3 183
3 189
3 191
3 199
4 5
4 6
4 10
4 15
4 16
4 17
4 18
4 19
4 20
4 21
4 22
4 28
4 30
4 32
4 34
4 35
4 37
4 39
4 41
4 45
4 51
4 65
4 69
4 73
4 75
4 76
4 78
4 79
4 80
4 81
4 83
4 87
4 88
4 89
4 90
4 91
4 98
4 99
4 103
4 108
4 111
4 119
4 124
4 125
4 127
4 128
4 133
4 136
4 138
4 145
4 147
4 152
4 153
4 154
4 157
4 164
4 166
4 167
4 169
4 178
4 188
4 194
4 198
4 199
5 7
5 9
5 16
5 17
5 24
5 26
5 29
5 32
5 34
5 38
5 41
5 43
5 49
5 53
5 55
5 61
5 63
5 68
5 69
5 74
5 75
5 77
5 80
5 82
5 85
5 89
5 95
5 107
5 110
5 118
5 120
5 124
5 125
5 130
5 131
5 133
5 137
5 138
5 143
5 145
5 148
5 158
5 160
5 162
5 164
5 173
5 177
5 179
5 180
5 181
5 185
5 187
5 188
5 190
5 193
5 196
5 198
6 8
6 19
6 24
6 31
6 33
6 48
6 49
6 50
6 59
6 63
6 65
6 66
6 67
6 68
6 71
6 72
6 75
6 81
6 82
6 83
6 87
6 93
6 94
6 96
6 102
6 103
6 108
6 111
6 118
6 119
6 120
6 122
6 124
6 127
6 133
6 138
6 139
6 140
6 142
6 145
6 150
6 151
6 153
6 154
6 156
6 157
6 167
6 172
6 173
6 174
6 176
6 180
6 183
6 184
6 192
6 196
7 14
7 15
7 16
7 22
7 26
7 27
7 28
7 29
7 31
7 33
7 34
7 44
7 47
7 52
7 54
7 56
7 58
7 61
7 62
7 66
7 67
7 69
7 70
7 73
7 76
7 78
7 83
7 84
7 89
7 95
7 99
7 100
7 101
7 103
7 104
7 113
7 120
7 123
7 127
7 129
7 131
7 132
7 140
7 144
7 152
7 153
7 158
7 160
7 161
7 162
7 168
7 172
7 177
7 183
7 187
7 190
7 191
8 11
8 16
8 18
8 22
8 27
8 29
8 31
8 34
8 40
8 44
8 45
8 46
8 50
8 51
8 56
8 59
8 62
8 65
8 66
8 71
8 73
8 76
8 79
8 81
8 85
8 87
8 90
8 91
8 94
8 97
8 101
8 102
8 103
8 107
8 110
8 112
8 114
8 119
8 120
8 123
8 129
8 131
8 132
8 134
8 135
8 136
8 137
8 141
8 142
8 145
8 152
8 153
8 154
8 155
8 156
8 162
8 163
8 164
8 165
8 170
8 176
8 178
8 186
8 194
8 196
8 199
9 11
9 12
9 17
9 20
9 22
9 25
9 31
9 33
9 35
9 37
9 38
9 40
9 44
9 51
9 54
9 56
9 58
9 59
9 61
9 66
9 68
9 69
9 71
9 75
9 76
9 82
9 83
9 85
9 86
9 88
9 90
9 91
9 93
9 96
9 98
9 104
9 105
9 110
9 111
9 112
9 113
9 114
9 120
9 122
9 123
9 130
9 135
9 136
9 146
9 148
9 152
9 156
9 157
9 159
9 161
9 175
9 176
9 180
9 186
9 187
9 189
9 191
9 194
9 197
10 11
10 15
10 19
10 21
10 23
10 25
10 29
10 30
10 33
10 34
10 35
10 43
10 45
10 48
10 53
10 55
10 56
10 61
10 63
10 65
10 69
10 70
10 73
10 74
10 75
10 77
10 91
10 99
10 105
10 106
10 107
10 111
10 112
10 114
10 121
10 122
10 124
10 133
10 139
10 143
10 146
10 147
10 148
10 150
10 151
10 152
10 158
10 161
10 162
10 166
10 172
10 175
10 176
10 184
10 189
10 190
10 192
10 194
10 196
11 13
11 17
11 22
11 32
11 33
11 41
11 48
11 50
11 51
11 56
11 66
11 68
11 78
11 81
11 86
11 89
11 92
11 94
11 96
11 100
11 102
11 105
11 108
11 115
11 117
11 120
11 122
11 124
11 130
11 134
11 139
11 140
11 144
11 146
11 150
11 152
11 156
11 161
11 166
11 168
11 174
11 176
11 180
11 183
11 185
11 189
11 196
12 22
12 24
12 25
12 26
12 30
12 35
12 39
12 47
12 50
12 51
12 54
12 55
12 56
12 63
12 64
12 65
12 71
12 79
12 88
12 89
12 93
12 96
12 97
12 99
12 100
12 104
12 106
12 107
12 108
12 109
12 110
12 112
12 114
12 123
12 124
12 127
12 131
12 137
12 139
12 141
12 142
12 145
12 151
12 154
12 156
12 157
12 159
12 161
12 167
12 170
12 173
12 175
12 176
12 180
12 183
12 184
12 190
12 194
13 17
13 18
13 33
13 35
13 37
13 38
13 44
13 47
13 50
13 56
13 62
13 67
13 68
13 72
13 77
13 81
13 83
13 84
13 85
13 88
13 90
13 95
13 98
13 99
13 100
13 105
13 107
13 108
13 109
13 113
13 114
13 120
13 121
13 123
13 124
13 129
13 130
13 131
13 132
13 134
13 139
13 140
13 142
13 145
13 147
13 148
13 154
13 157
13 159
13 161
13 164
13 165
13 176
13 179
13 181
13 182
13 185
13 187
13 188
13 189
13 192
13 197
14 17
14 19
14 24
14 33
14 34
14 39
14 43
14 45
14 51
14 52
14 55
14 57
14 63
14 65
14 73
14 81
14 90
14 93
14 100
14 105
14 106
14 110
14 115
14 125
14 131
14 132
14 140
14 141
14 149
14 150
14 152
14 153
14 162
14 166
14 172
14 178
14 180
14 185
14 186
14 189
14 192
14 193
15 19
15 23
15 26
15 31
15 37
15 40
15 41
15 45
15 46
15 53
15 54
15 62
15 70
15 75
15 80
15 81
15 83
15 86
15 91
15 92
15 93
15 98
15 103
15 112
15 114
15 115
15 119
15 120
15 122
15 123
15 124
15 125
15 128
15 130
15 132
15 134
15 135
15 141
15 143
15 151
15 152
15 154
15 157
15 162
15 163
15 169
15 172
15 180
15 181
15 185
15 195
15 197
15 198
15 199
16 17
16 18
16 24
16 29
16 32
16 33
16 34
16 36
16 39
16 40
16 41
16 49
16 50
16 51
16 58
16 64
16 69
16 70
16 74
16 76
16 83
16 84
16 85
16 93
16 95
16 97
16 98
16 104
16 106
16 114
16 116
16 118
16 125
16 128
16 133
16 141
16 145
16 149
16 150
16 159
16 162
16 165
16 166
16 171
16 180
16 184
16 185
16 187
16 189
16 190
16 198
17 22
17 26
17 29
17 30
17 32
17 35
17 36
17 39
17 51
17 52
17 54
17 60
17 68
17 70
17 72
17 73
17 74
17 75
17 78
17 84
17 85
17 88
17 89
17 91
17 100
17 103
17 104
17 106
17 114
17 115
17 127
17 130
17 131
17 132
17 135
17 138
17 141
17 144
17 146
17 147
17 148
17 149
17 150
17 153
17 155
17 157
17 158
17 160
17 162
17 164
17 169
17 170
17 171
17 174
17 176
17 177
17 181
17 183
17 185
17 190
17 191
17 197
18 27
18 32
18 33
18 35
18 38
18 42
18 45
18 46
18 47
18 48
18 51
18 55
18 64
18 65
18 66
18 68
18 70
18 78
18 81
18 88
18 95
18 97
18 100
18 102
18 106
18 112
18 120
18 127
18 128
18 129
18 134
18 135
18 136
18 139
18 141
18 142
18 144
18 145
18 146
18 152
18 153
18 156
18 159
18 160
18 169
18 170
18 172
18 178
18 180
18 185
18 186
18 189
18 192
18 195
19 21
19 22
19 24
19 25
19 27
19 30
19 31
19 35
19 40
19 46
19 50
19 52
19 54
19 58
19 60
19 61
19 64
19 66
19 67
19 70
19 75
19 78
19 80
19 83
19 84
19 88
19 92
19 94
19 95
19 97
19 98
19 99
19 100
19 101
19 106
19 108
19 109
19 112
19 115
19 117
19 118
19 119
19 121
19 122
19 124
19 134
19 136
19 140
19 145
19 153
19 154
19 158
19 160
19 161
19 165
19 170
19 177
19 178
19 183
19 184
19 189
19 194
19 195
19 197
19 199
20 21
20 24
20 25
20 27
20 31
20 34
20 38
20 44
20 47
20 53
20 55
20 57
20 60
20 61
20 62
20 63
20 69
20 71
20 75
20 78
20 89
20 97
20 100
20 106
20 110
20 113
20 117
20 118
20 119
20 127
20 130
20 138
20 141
20 144
20 146
20 151
20 154
20 155
20 158
20 162
20 164
20 168
20 171
20 177
20 183
20 187
20 189
20 190
20 191
20 193
20 195
20 196
20 198
21 27
21 29
21 30
21 31
21 34
21 36
21 37
21 41
21 48
21 57
21 66
21 69
21 73
21 74
21 78
21 81
21 83
21 85
21 86
21 89
21 92
21 93
21 95
21 96
21 99
21 101
21 104
21 105
21 106
21 114
21 119
21 121
21 124
21 125
21 128
21 132
21 133
21 137
21 138
21 148
21 174
21 175
21 177
21 180
21 187
21 191
21 194
21 195
21 196
21 197
22 23
22 24
22 25
22 26
22 27
22 31
22 34
22 35
22 36
22 39
22 40
22 46
22 48
22 50
22 51
22 53
22 54
22 56
22 57
22 59
22 60
22 63
22 67
22 68
22 69
22 72
22 73
22 74
22 75
22 87
22 88
22 91
22 96
22 106
22 107
22 108
22 109
22 116
22 120
22 123
22 127
22 129
22 134
22 139
22 144
22 147
22 148
22 150
22 154
22 155
22 157
22 158
22 160
22 161
22 169
22 171
22 174
22 178
22 185
22 188
22 189
22 190
22 194
22 196
22 197
22 198
23 24
23 30
23 32
23 36
23 40
23 45
23 48
23 56
23 67
23 68
23 70
23 74
23 83
23 84
23 87
23 92
23 93
23 96
23 100
23 106
23 107
23 110
23 111
23 113
23 114
23 115
23 120
23 123
23 129
23 131
23 132
23 134
23 135
23 138
23 140
23 142
23 145
23 147
23 150
23 156
23 159
23 164
23 171
23 172
23 175
23 176
23 183
23 185
23 188
24 27
24 28
24 32
24 33
24 39
24 43
24 51
24 52
24 55
24 57
24 58
24 59
24 62
24 63
24 67
24 70
24 74
24 76
24 78
24 82
24 84
24 86
24 87
24 95
24 105
24 106
24 107
24 112
24 113
24 119
24 120
24 125
24 126
24 127
24 130
24 131
24 134
24 136
24 138
24 145
24 146
24 147
24 148
24 152
24 153
24 155
24 159
24 163
24 165
24 166
24 167
24 170
24 173
24 175
24 177
24 181
24 186
24 187
24 189
24 192
24 194
25 33
25 34
25 36
25 39
25 42
25 43
25 46
25 47
25 53
25 55
25 58
25 59
25 60
25 66
25 68
25 69
25 70
25 76
25 77
25 79
25 80
25 87
25 88
25 93
25 102
25 111
25 115
25 119
25 122
25 130
25 131
25 132
25 142
25 143
25 144
25 151
25 156
25 160
25 170
25 171
25 175
25 176
25 179
25 181
25 184
25 185
25 186
25 189
25 190
26 27
26 28
26 35
26 38
26 39
26 42
26 45
26 47
26 48
26 50
26 51
26 56
26 57
26 62
26 68
26 70
26 71
26 79
26 82
26 83
26 84
26 88
26 97
26 98
26 99
26 100
26 102
26 107
26 108
26 110
26 115
26 120
26 125
26 129
26 134
26 135
26 137
26 138
26 139
26 141
26 142
26 146
26 148
26 149
26 151
26 160
26 162
26 169
26 173
26 174
26 178
26 184
26 191
26 192
26 194
26 195
27 28
27 38
27 39
27 40
27 44
27 46
27 47
27 48
27 49
27 53
27 56
27 60
27 61
27 62
27 63
27 64
27 69
27 73
27 76
27 77
27 81
27 83
27 90
27 91
27 95
27 98
27 99
27 111
27 112
27 113
27 115
27 121
27 125
27 127
27 128
27 129
27 131
27 134
27 136
27 137
27 138
27 145
27 147
27 150
27 151
27 156
27 159
27 165
27 170
27 174
27 177
27 179
27 180
27 188
27 190
27 194
27 196
27 197
28 31
28 32
28 35
28 37
28 39
28 50
28 53
28 54
28 57
28 59
28 70
28 75
28 83
28 85
28 88
28 89
28 91
28 95
28 101
28 111
28 117
28 124
28 126
28 134
28 136
28 148
28 149
28 151
28 155
28 158
28 161
28 163
28 164
28 169
28 173
28 181
28 188
28 190
28 196
29 31
29 41
29 43
29 48
29 51
29 53
29 58
29 64
29 67
29 69
29 71
29 72
29 73
29 75
29 77
29 80
29 82
29 84
29 86
29 93
29 97
29 105
29 106
29 109
29 113
29 116
29 117
29 125
29 134
29 142
29 143
29 146
29 149
29 150
29 154
29 156
29 159
29 163
29 168
29 173
29 177
29 178
29 180
29 183
29 184
29 188
29 189
29 191
29 199
30 35
30 36
30 40
30 48
30 49
30 53
30 57
30 58
30 66
30 72
30 78
30 79
30 83
30 84
30 87
30 88
30 93
30 96
30 97
30 98
30 101
30 103
30 104
30 105
30 109
30 118
30 120
30 124
30 126
30 129
30 139
30 140
30 142
30 144
30 150
30 151
30 155
30 158
30 160
30 163
30 165
30 167
30 169
30 170
30 174
30 176
30 178
30 182
30 184
30 195
30 196
30 198
30 199
31 42
31 44
31 50
31 56
31 57
31 62
31 63
31 68
31 70
31 76
31 77
31 79
31 84
31 94
31 98
31 104
31 106
31 110
31 117
31 121
31 122
31 124
31 128
31 129
31 135
31 136
31 138
31 142
31 143
31 146
31 148
31 150
31 161
31 164
31 165
31 167
31 173
31 174
31 176
31 183
31 184
31 185
31 186
31 195
31 197
31 199
32 38
32 40
32 50
32 51
32 52
32 53
32 57
32 61
32 64
32 78
32 79
32 81
32 83
32 84
32 86
32 88
32 91
32 92
32 102
32 104
32 110
32 112
32 113
32 120
32 122
32 124
32 128
32 129
32 131
32 135
32 136
32 141
32 142
32 143
32 145
32 147
32 149
32 150
32 157
32 166
32 169
32 170
32 171
32 175
32 177
32 178
32 182
32 183
32 187
32 188
32 192
32 194
32 198
32 199
33 39
33 41
33 43
33 46
33 48
33 54
33 62
33 63
33 69
33 74
33 75
33 76
33 77
33 79
33 80
33 85
33 86
33 88
33 91
33 92
33 94
33 96
33 99
33 102
33 105
33 106
33 107
33 114
33 116
33 117
33 121
33 127
33 129
33 130
33 132
33 138
33 139
33 142
33 145
33 150
33 152
33 154
33 155
33 156
33 158
33 174
33 178
33 179
33 184
33 187
33 192
33 193
33 199
34 37
34 38
34 40
34 47
34 51
34 54
34 61
34 62
34 65
34 73
34 75
34 80
34 83
34 84
34 85
34 97
34 100
34 106
34 110
34 117
34 118
34 128
34 130
34 131
34 133
34 147
34 148
34 149
34 150
34 151
34 153
34 154
34 156
34 158
34 159
34 163
34 164
34 165
34 173
34 178
34 179
34 184
34 188
34 189
34 193
34 198
34 199
35 43
35 48
35 52
35 53
35 55
35 60
35 64
35 68
35 79
35 82
35 83
35 85
35 92
35 98
35 101
35 102
35 109
35 110
35 111
35 112
35 115
35 117
35 121
35 126
35 127
35 132
35 133
35 134
35 135
35 144
35 149
35 153
35 156
35 163
35 166
35 172
35 192
35 194
35 198
35 199
36 37
36 38
36 39
36 41
36 44
36 45
36 47
36 50
36 53
36 54
36 56
36 58
36 62
36 63
36 69
36 71
36 77
36 79
36 87
36 88
36 89
36 92
36 93
36 99
36 105
36 107
36 110
36 113
36 114
36 119
36 120
36 125
36 134
36 135
36 138
36 139
36 140
36 141
36 143
36 147
36 155
36 156
36 160
36 162
36 163
36 165
36 166
36 168
36 180
36 181
36 185
36 192
36 194
37 41
37 43
37 47
37 51
37 54
37 55
37 58
37 65
37 68
37 70
37 78
37 80
37 83
37 87
37 88
37 90
37 93
37 95
37 96
37 97
37 99
37 100
37 104
37 113
37 114
37 116
37 124
37 126
37 129
37 134
37 135
37 143
37 148
37 157
37 162
37 167
37 174
37 179
37 183
37 185
37 188
37 189
37 190
37 198
38 39
38 40
38 48
38 49
38 51
38 52
38 55
38 58
38 59
38 64
38 66
38 68
38 71
38 72
38 77
38 78
38 81
38 83
38 87
38 93
38 96
38 98
38 101
38 104
38 108
38 109
38 112
38 113
38 115
38 120
38 122
38 125
38 134
38 141
38 142
38 145
38 146
38 148
38 151
38 152
38 165
38 170
38 176
38 181
38 185
38 192
38 194
39 45
39 51
39 54
39 56
39 58
39 64
39 65
39 66
39 70
39 74
39 76
39 80
39 81
39 86
39 89
39 90
39 96
39 100
39 101
39 106
39 108
39 113
39 124
39 126
39 127
39 128
39 131
39 135
39 138
39 149
39 151
39 154
39 155
39 161
39 165
39 169
39 172
39 176
39 178
39 185
39 187
39 188
39 193
39 196
39 199
40 41
40 49
40 51
40 66
40 67
40 68
40 70
40 74
40 76
40 78
40 84
40 87
40 89
40 91
40 96
40 99
40 103
40 109
40 111
40 113
40 118
40 119
40 125
40 127
40 128
40 129
40 137
40 138
40 139
40 140
40 141
40 142
40 143
40 150
40 153
40 154
40 155
40 156
40 157
40 159
40 160
40 163
40 164
40 165
40 168
40 171
40 176
40 178
40 179
40 183
40 184
40 189
40 193
40 194
40 196
40 198
41 51
41 55
41 57
41 63
41 77
41 80
41 82
41 84
41 87
41 88
41 90
41 92
41 93
41 94
41 97
41 107
41 115
41 116
41 117
41 121
41 123
41 126
41 130
41 142
41 143
41 145
41 149
41 150
41 159
41 160
41 161
41 167
41 170
41 171
41 172
41 175
41 177
41 178
41 188
41 192
41 195
41 198
41 199
42 48
42 49
42 50
42 58
42 60
42 73
42 74
42 91
42 93
42 99
42 101
42 102
42 103
42 105
42 107
42 111
42 114
42 116
42 117
42 118
42 125
42 135
42 136
42 137
42 141
42 149
42 155
42 157
42 159
42 160
42 166
42 167
42 168
42 171
42 172
42 174
42 176
42 178
42 183
42 187
42 195
42 198
42 199
43 50
43 53
43 56
43 59
43 70
43 71
43 75
43 76
43 77
43 81
43 84
43 85
43 86
43 89
43 91
43 94
43 95
43 100
43 103
43 104
43 105
43 108
43 117
43 118
43 119
43 121
43 122
43 124
43 126
43 132
43 134
43 137
43 138
43 140
43 142
43 144
43 150
43 162
43 166
43 168
43 171
43 172
43 175
43 178
43 179
43 180
43 182
43 185
43 196
43 197
44 45
44 47
44 52
44 53
44 54
44 56
44 59
44 63
44 68
44 69
44 72
44 73
44 74
44 78
44 82
44 86
44 90
44 94
44 97
44 101
44 104
44 105
44 109
44 110
44 111
44 113
44 114
44 115
44 119
44 120
44 135
44 136
44 138
44 140
44 142
44 146
44 151
44 152
44 153
44 157
44 158
44 166
44 171
44 174
44 180
44 182
44 184
44 191
44 193
44 194
44 195
45 49
45 56
45 57
45 69
45 70
45 71
45 82
45 83
45 87
45 89
45 90
45 91
45 92
45 93
45 97
45 102
45 103
45 110
45 111
45 123
45 131
45 132
45 134
45 135
45 142
45 147
45 148
45 153
45 154
45 157
45 160
45 169
45 172
45 173
45 174
45 176
45 184
45 188
45 189
45 191
45 193
45 195
45 196
46 49
46 55
46 56
46 57
46 58
46 59
46 63
46 68
46 69
46 72
46 73
46 74
46 75
46 79
46 81
46 83
46 84
46 99
46 101
46 102
46 103
46 110
46 113
46 117
46 119
46 123
46 125
46 129
46 132
46 135
46 144
46 145
46 152
46 153
46 155
46 158
46 159
46 161
46 164
46 171
46 172
46 178
46 183
46 184
46 186
46 189
46 190
46 193
46 194
46 197
46 198
47 48
47 50
47 57
47 61
47 62
47 64
47 65
47 70
47 74
47 81
47 82
47 85
47 88
47 89
47 93
47 95
47 98
47 100
47 107
47 110
47 112
47 115
47 118
47 124
47 126
47 130
47 133
47 141
47 142
47 145
47 150
47 151
47 154
47 156
47 157
47 160
47 164
47 166
47 185
47 188
47 189
47 191
47 197
48 51
48 57
48 62
48 63
48 65
48 68
48 72
48 78
48 82
48 83
48 88
48 93
48 95
48 98
48 101
48 102
48 104
48 105
48 109
48 114
48 115
48 116
48 118
48 119
48 122
48 124
48 125
48 128
48 130
48 132
48 137
48 141
48 146
48 147
48 158
48 159
48 160
48 162
48 166
48 167
48 168
48 176
48 180
48 182
48 185
48 190
48 193
48 194
48 198
49 56
49 59
49 63
49 65
49 68
49 70
49 73
49 74
49 75
49 80
49 85
49 88
49 90
49 95
49 98
49 99
49 113
49 115
49 117
49 118
49 124
49 126
49 128
49 129
49 134
49 136
49 146
49 149
49 152
49 155
49 159
49 161
49 162
49 164
49 167
49 170
49 172
49 174
49 178
49 179
49 184
49 185
49 190
49 192
49 195
49 197
50 51
50 53
50 58
50 63
50 64
50 65
50 71
50 73
50 81
50 92
50 93
50 96
50 98
50 99
50 105
50 108
50 111
50 113
50 115
50 116
50 118
50 119
50 120
50 123
50 127
50 130
50 132
50 137
50 138
50 139
50 141
50 142
50 144
50 146
50 152
50 153
50 156
50 157
50 159
50 161
50 163
50 167
50 172
50 173
50 178
50 180
50 182
51 58
51 72
51 83
51 84
51 85
51 94
51 96
51 98
51 101
51 104
51 105
51 106
51 113
51 124
51 128
51 130
51 131
51 132
51 134
51 135
51 139
51 140
51 143
51 149
51 150
51 153
51 155
51 159
51 161
51 164
51 165
51 168
51 172
51 181
51 182
51 184
51 186
51 187
51 190
51 192
51 193
51 199
52 54
52 57
52 60
52 61
52 64
52 67
52 68
52 77
52 78
52 81
52 84
52 87
52 88
52 89
52 93
52 100
52 101
52 103
52 107
52 112
52 113
52 115
52 118
52 120
52 121
52 128
52 133
52 135
52 142
52 147
52 156
52 157
52 161
52 166
52 167
52 171
52 172
52 174
52 176
52 178
52 180
52 182
52 183
52 186
52 188
52 190
52 193
52 194
52 196
53 55
53 61
53 69
53 71
53 74
53 78
53 82
53 84
53 86
53 88
53 89
53 93
53 99
53 101
53 104
53 105
53 109
53 110
53 114
53 115
53 117
53 119
53 136
53 140
53 141
53 144
53 145
53 152
53 154
53 158
53 159
53 160
53 167
53 173
53 177
53 178
53 180
53 182
53 184
53 185
53 186
53 188
53 190
53 193
53 196
54 55
54 58
54 60
54 62
54 66
54 69
54 70
54 73
54 84
54 87
54 88
54 89
54 98
54 102
54 103
54 104
54 105
54 108
54 113
54 120
54 122
54 130
54 137
54 143
54 149
54 164
54 166
54 168
54 169
54 182
54 184
54 185
54 189
54 195
55 59
55 60
55 66
55 68
55 69
55 72
55 73
55 75
55 83
55 93
55 99
55 101
55 102
55 110
55 114
55 117
55 119
55 120
55 123
55 124
55 125
55 126
55 130
55 131
55 132
55 133
55 134
55 139
55 140
55 143
55 149
55 151
55 155
55 160
55 163
55 164
55 168
55 175
55 184
55 187
55 188
56 58
56 61
56 65
56 67
56 73
56 76
56 77
56 80
56 82
56 90
56 92
56 95
56 100
56 104
56 107
56 115
56 117
56 118
56 120
56 121
56 122
56 125
56 130
56 132
56 133
56 141
56 152
56 160
56 161
56 163
56 167
56 168
56 170
56 173
56 175
56 178
56 180
56 182
56 186
56 187
56 188
56 190
56 194
56 195
56 196
56 197
56 199
57 60
57 61
57 72
57 84
57 85
57 88
57 92
57 93
57 96
57 97
57 101
57 108
57 109
57 110
57 111
57 115
57 118
57 125
57 127
57 128
57 135
57 136
57 138
57 141
57 149
57 150
57 153
57 157
57 162
57 169
57 170
57 171
57 175
57 176
57 180
57 185
57 194
57 196
58 59
58 62
58 66
58 67
58 69
58 70
58 71
58 78
58 80
58 84
58 89
58 91
58 109
58 119
58 120
58 123
58 126
58 131
58 136
58 138
58 139
58 145
58 148
58 150
58 153
58 160
58 163
58 165
58 180
58 184
58 185
58 189
58 193
58 198
59 60
59 63
59 65
59 66
59 68
59 71
59 72
59 81
59 86
59 89
59 94
59 97
59 100
59 104
59 106
59 109
59 112
59 115
59 116
59 121
59 123
59 124
59 130
59 133
59 134
59 140
59 143
59 145
59 147
59 151
59 155
59 162
59 166
59 168
59 169
59 173
59 175
59 184
59 186
59 187
59 188
59 190
59 193
59 196
59 198
60 62
60 63
60 65
60 66
60 73
60 75
60 76
60 79
60 80
60 84
60 85
60 88
60 89
60 97
60 98
60 111
60 116
60 123
60 124
60 126
60 139
60 140
60 141
60 149
60 150
60 151
60 159
60 168
60 170
60 172
60 181
60 182
60 187
60 188
60 190
60 192
60 193
60 196
60 197
60 198
60 199
61 64
61 65
61 70
61 73
61 74
61 75
61 78
61 83
61 85
61 87
61 90
61 92
61 94
61 95
61 97
61 100
61 103
61 104
61 110
61 114
61 117
61 119
61 124
61 128
61 129
61 139
61 141
61 144
61 145
61 150
61 153
61 155
61 161
61 163
61 171
61 172
61 175
61 180
61 183
61 184
61 185
61 190
61 195
61 199
62 69
62 71
62 74
62 76
62 79
62 81
62 84
62 89
62 90
62 95
62 97
62 99
62 102
62 104
62 107
62 109
62 112
62 121
62 123
62 126
62 128
62 130
62 132
62 136
62 138
62 141
62 144
62 148
62 150
62 156
62 159
62 165
62 167
62 168
62 171
62 172
62 178
62 179
62 181
62 186
62 188
62 189
62 191
62 192
62 193
62 196
62 198
63 71
63 72
63 73
63 75
63 79
63 81
63 84
63 86
63 98
63 101
63 105
63 110
63 111
63 114
63 116
63 123
63 125
63 126
63 130
63 133
63 135
63 140
63 141
63 144
63 146
63 148
63 155
63 157
63 160
63 168
63 179
63 185
63 187
63 192
63 196
63 197
63 199
64 66
64 81
64 86
64 89
64 90
64 92
64 96
64 98
64 99
64 103
64 105
64 111
64 112
64 114
64 128
64 129
64 130
64 135
64 136
64 141
64 142
64 144
64 145
64 148
64 152
64 153
64 154
64 155
64 159
64 160
64 161
64 165
64 167
64 168
64 173
64 174
64 181
64 182
64 183
64 184
64 192
64 193
64 197
65 80
65 82
65 91
65 92
65 96
65 103
65 105
65 106
65 109
65 111
65 113
65 120
65 124
65 128
65 129
65 137
65 140
65 141
65 145
65 149
65 152
65 154
65 155
65 156
65 163
65 164
65 165
65 175
65 177
65 179
65 185
65 186
65 188
65 194
66 69
66 74
66 78
66 85
66 86
66 90
66 91
66 95
66 97
66 98
66 99
66 101
66 103
66 106
66 109
66 114
66 120
66 121
66 124
66 125
66 126
66 129
66 131
66 135
66 136
66 138
66 139
66 140
66 144
66 146
66 149
66 150
66 157
66 159
66 161
66 162
66 168
66 169
66 175
66 177
66 179
66 182
66 186
66 194
66 197
66 198
67 71
67 78
67 83
67 84
67 85
67 87
67 89
67 91
67 92
67 95
67 100
67 104
67 109
67 110
67 113
67 117
67 122
67 123
67 124
67 131
67 132
67 135
67 136
67 137
67 139
67 140
67 145
67 154
67 157
67 163
67 164
67 165
67 169
67 173
67 178
67 181
67 182
67 183
67 184
67 185
67 196
68 71
68 74
68 75
68 81
68 83
68 88
68 89
68 92
68 94
68 96
68 104
68 106
68 107
68 108
68 110
68 115
68 124
68 126
68 128
68 130
68 135
68 137
68 140
68 141
68 145
68 148
68 150
68 152
68 154
68 155
68 157
68 160
68 161
68 163
68 167
68 168
68 169
68 170
68 171
68 172
68 187
68 188
68 190
68 197
68 198
69 72
69 75
69 78
69 79
69 82
69 83
69 86
69 89
69 90
69 91
69 94
69 97
69 100
69 102
69 105
69 107
69 109
69 110
69 111
69 114
69 116
69 121
69 127
69 128
69 131
69 136
69 142
69 144
69 145
69 146
69 148
69 153
69 154
69 156
69 163
69 165
69 168
69 171
69 175
69 178
69 185
69 186
69 192
69 199
70 71
70 75
70 77
70 78
70 85
70 88
70 90
70 92
70 93
70 94
70 97
70 100
70 106
70 115
70 118
70 124
70 127
70 128
70 130
70 137
70 138
70 139
70 143
70 147
70 149
70 152
70 162
70 163
70 166
70 167
70 170
70 171
70 179
70 182
70 184
70 185
70 187
70 190
70 194
70 195
70 196
70 198
70 199
71 77
71 78
71 99
71 104
71 107
71 113
71 134
71 137
71 148
71 150
71 158
71 161
71 171
71 172
71 173
71 174
71 177
71 183
71 184
71 190
71 191
71 194
71 197
72 75
72 76
72 83
72 85
72 89
72 94
72 98
72 101
72 102
72 105
72 111
72 114
72 117
72 125
72 127
72 129
72 131
72 133
72 136
72 137
72 143
72 144
72 145
72 149
72 150
72 154
72 156
72 160
72 161
72 162
72 163
72 165
72 166
72 167
72 170
72 171
72 173
72 175
72 178
72 179
72 183
72 184
72 190
72 197
73 74
73 75
73 81
73 82
73 83
73 84
73 88
73 90
73 95
73 101
73 102
73 103
73 115
73 117
73 118
73 120
73 121
73 129
73 130
73 134
73 137
73 138
73 142
73 147
73 148
73 149
73 151
73 158
73 162
73 163
73 165
73 170
73 174
73 175
73 176
73 177
73 191
73 194
73 197
73 199
74 75
74 81
74 89
74 90
74 91
74 93
74 94
74 99
74 100
74 101
74 102
74 105
74 109
74 110
74 111
74 112
74 113
74 116
74 117
74 122
74 132
74 138
74 139
74 141
74 144
74 145
74 146
74 152
74 153
74 158
74 160
74 162
74 164
74 173
74 174
74 194
74 198
75 77
75 81
75 84
75 85
75 87
75 91
75 95
75 97
75 100
75 101
75 107
75 111
75 113
75 116
75 122
75 126
75 129
75 141
75 143
75 146
75 147
75 148
75 151
75 154
75 160
75 163
75 164
75 168
75 171
75 174
75 175
75 176
75 182
75 184
75 185
75 186
75 190
75 194
76 78
76 79
76 85
76 95
76 99
76 101
76 104
76 105
76 107
76 110
76 111
76 113
76 114
76 118
76 119
76 121
76 128
76 129
76 131
76 132
76 134
76 138
76 143
76 144
76 145
76 146
76 150
76 152
76 154
76 158
76 159
76 162
76 169
76 170
76 171
76 173
76 176
76 178
76 183
76 184
76 187
76 190
76 192
76 197
77 83
77 84
77 85
77 91
77 95
77 99
77 101
77 105
77 109
77 110
77 111
77 115
77 116
77 119
77 123
77 124
77 126
77 131
77 132
77 135
77 136
77 138
77 139
77 141
77 143
77 149
77 156
77 161
77 163
77 165
77 166
77 175
77 183
77 185
77 187
77 197
77 198
78 86
78 89
78 92
78 93
78 97
78 99
78 100
78 101
78 102
78 113
78 114
78 116
78 121
78 125
78 126
78 128
78 129
78 133
78 134
78 137
78 141
78 143
78 159
78 161
78 162
78 165
78 166
78 167
78 176
78 178
78 180
78 181
78 184
78 186
78 187
78 188
78 189
78 191
78 196
78 197
78 199
79 87
79 88
79 89
79 90
79 92
79 96
79 103
79 107
79 121
79 126
79 140
79 142
79 146
79 150
79 154
79 155
79 158
79 159
79 163
79 165
79 166
79 167
79 172
79 176
79 177
79 178
79 180
79 181
79 182
79 186
79 189
79 191
79 195
79 196
79 199
80 82
80 92
80 94
80 96
80 97
80 101
80 102
80 103
80 106
80 110
80 124
80 126
80 127
80 133
80 136
80 144
80 148
80 150
80 152
80 153
80 157
80 159
80 165
80 169
80 173
80 174
80 177
80 179
80 180
80 181
80 185
80 192
80 194
80 196
80 197
81 82
81 86
81 87
81 89
81 90
81 92
81 100
81 103
81 106
81 107
81 109
81 114
81 115
81 120
81 121
81 127
81 128
81 129
81 140
81 145
81 146
81 149
81 150
81 157
81 160
81 162
81 163
81 164
81 165
81 166
81 167
81 168
81 170
81 173
81 178
81 180
81 189
81 196
82 83
82 84
82 89
82 98
82 105
82 111
82 115
82 117
82 118
82 119
82 121
82 124
82 125
82 128
82 136
82 151
82 152
82 161
82 174
82 180
82 182
82 184
82 186
82 189
82 191
82 196
82 197
83 86
83 89
83 91
83 94
83 96
83 97
83 98
83 105
83 112
83 117
83 121
83 122
83 124
83 125
83 126
83 134
83 135
83 136
83 139
83 140
83 141
83 145
83 148
83 162
83 163
83 167
83 168
83 169
83 172
83 175
83 181
83 182
83 183
83 184
83 191
83 192
83 194
83 195
83 199
84 86
84 92
84 94
84 95
84 96
84 97
84 100
84 106
84 107
84 109
84 115
84 116
84 117
84 118
84 124
84 128
84 135
84 138
84 139
84 140
84 141
84 143
84 145
84 147
84 149
84 150
84 155
84 164
84 171
84 172
84 173
84 181
84 183
84 185
84 186
84 187
84 193
85 86
85 87
85 88
85 92
85 95
85 97
85 102
85 103
85 106
85 109
85 112
85 113
85 114
85 115
85 119
85 122
85 126
85 127
85 128
85 132
85 137
85 138
85 139
85 140
85 151
85 154
85 159
85 162
85 164
85 168
85 176
85 177
85 184
85 189
85 192
85 194
85 196
85 197
86 89
86 95
86 97
86 103
86 104
86 106
86 109
86 112
86 119
86 121
86 124
86 125
86 129
86 130
86 131
86 132
86 133
86 134
86 135
86 137
86 138
86 139
86 142
86 146
86 148
86 153
86 160
86 162
86 165
86 169
86 171
86 172
86 173
86 174
86 178
86 182
86 185
86 189
86 195
86 199
87 88
87 90
87 91
87 92
87 93
87 94
87 96
87 98
87 99
87 100
87 101
87 106
87 107
87 110
87 113
87 121
87 125
87 126
87 128
87 133
87 134
87 135
87 136
87 138
87 139
87 140
87 144
87 145
87 146
87 147
87 149
87 153
87 157
87 168
87 178
87 181
87 184
87 187
87 188
87 191
87 194
87 196
87 197
87 198
87 199
88 98
88 99
88 110
88 112
88 113
88 114
88 127
88 128
88 131
88 132
88 134
88 138
88 144
88 147
88 148
88 152
88 167
88 169
88 170
88 179
88 181
88 183
88 188
88 190
88 191
88 192
89 92
89 94
89 95
89 96
89 99
89 100
89 107
89 109
89 113
89 114
89 116
89 117
89 122
89 130
89 132
89 135
89 136
89 140
89 143
89 144
89 146
89 150
89 160
89 161
89 163
89 168
89 169
89 174
89 175
89 178
89 179
89 184
90 97
90 100
90 101
90 102
90 104
90 108
90 110
90 115
90 116
90 118
90 119
90 121
90 124
90 128
90 129
90 145
90 147
90 153
90 159
90 160
90 161
90 164
90 169
90 179
90 180
90 188
90 196
90 197
90 198
91 94
91 99
91 101
91 105
91 107
91 110
91 113
91 118
91 124
91 125
91 126
91 128
91 129
91 130
91 131
91 132
91 133
91 138
91 140
91 149
91 150
91 154
91 158
91 160
91 163
91 166
91 167
91 172
91 174
91 177
91 178
91 181
91 182
91 183
91 184
91 187
91 189
91 191
91 192
91 196
91 199
92 94
92 98
92 100
92 114
92 119
92 123
92 125
92 130
92 132
92 133
92 137
92 139
92 140
92 141
92 142
92 143
92 145
92 147
92 149
92 151
92 152
92 153
92 154
92 157
92 159
92 163
92 168
92 170
92 173
92 174
92 182
92 183
92 184
92 188
92 194
92 195
92 196
93 97
93 99
93 100
93 103
93 104
93 105
93 109
93 110
93 120
93 128
93 129
93 138
93 139
93 142
93 154
93 156
93 166
93 168
93 173
93 174
93 175
93 176
93 177
93 180
93 183
93 184
93 185
93 187
94 95
94 97
94 98
94 99
94 102
94 108
94 128
94 131
94 132
94 140
94 141
94 143
94 147
94 148
94 151
94 154
94 155
94 156
94 163
94 164
94 165
94 168
94 174
94 176
94 177
94 180
94 183
94 185
94 191
94 193
94 194
95 97
95 100
95 101
95 102
95 104
95 107
95 112
95 114
95 119
95 124
95 128
95 134
95 137
95 138
95 139
95 142
95 149
95 152
95 154
95 156
95 159
95 161
95 162
95 167
95 171
95 174
95 176
95 177
95 180
95 181
95 185
95 186
95 198
96 103
96 104
96 105
96 106
96 107
96 108
96 115
96 120
96 122
96 124
96 128
96 130
96 134
96 137
96 141
96 145
96 151
96 152
96 153
96 156
96 164
96 169
96 175
96 181
96 184
96 185
96 186
96 195
97 98
97 102
97 104
97 111
97 112
97 113
97 115
97 117
97 127
97 128
97 134
97 136
97 138
97 148
97 151
97 154
97 155
97 159
97 170
97 176
97 178
97 181
97 182
97 199
98 101
98 104
98 106
98 112
98 114
98 116
98 119
98 135
98 138
98 139
98 143
98 147
98 148
98 153
98 158
98 164
98 171
98 173
98 176
98 178
98 181
98 185
98 186
98 187
98 188
98 192
98 193
98 194
98 197
98 198
99 103
99 104
99 107
99 109
99 110
99 113
99 116
99 117
99 118
99 120
99 121
99 137
99 138
99 141
99 144
99 149
99 150
99 151
99 152
99 154
99 158
99 166
99 168
99 170
99 178
99 183
99 184
99 188
99 190
99 193
100 104
100 105
100 109
100 113
100 114
100 119
100 122
100 123
100 124
100 125
100 127
100 140
100 147
100 149
100 153
100 154
100 155
100 163
100 166
100 168
100 173
100 174
100 178
100 179
100 180
100 190
100 191
100 195
100 197
101 104
101 120
101 122
101 124
101 125
101 126
101 127
101 129
101 130
101 133
101 134
101 135
101 138
101 141
101 142
101 145
101 150
101 156
101 161
101 164
101 168
101 169
101 170
101 171
101 175
101 176
101 177
101 181
101 184
101 197
102 106
102 109
102 116
102 117
102 122
102 127
102 131
102 134
102 137
102 138
102 141
102 142
102 144
102 147
102 151
102 160
102 162
102 168
102 169
102 170
102 176
102 178
102 182
102 190
102 198
102 199
103 104
103 105
103 114
103 116
103 123
103 129
103 131
103 132
103 135
103 142
103 144
103 145
103 149
103 153
103 157
103 159
103 162
103 163
103 166
103 180
103 185
103 186
103 187
103 189
103 191
103 193
103 195
103 196
103 198
104 109
104 114
104 120
104 121
104 124
104 130
104 134
104 142
104 144
104 145
104 146
104 147
104 149
104 150
104 155
104 157
104 159
104 169
104 172
104 174
104 175
104 176
104 177
104 178
104 187
104 189
104 191
104 194
104 195
104 196
104 197
105 112
105 113
105 114
105 117
105 122
105 128
105 131
105 132
105 133
105 135
105 137
105 141
105 143
105 148
105 149
105 156
105 158
105 159
105 166
105 170
105 191
105 193
105 196
105 197
105 198
106 108
106 116
106 118
106 121
106 123
106 125
106 126
106 127
106 130
106 137
106 138
106 144
106 146
106 147
106 150
106 155
106 156
106 157
106 158
106 160
106 161
106 168
106 169
106 177
106 181
106 182
106 183
106 184
106 185
106 186
106 188
106 194
107 110
107 117
107 121
107 123
107 136
107 141
107 143
107 148
107 151
107 158
107 174
107 177
107 178
107 191
107 192
107 193
107 197
107 198
108 109
108 113
108 121
108 123
108 143
108 145
108 150
108 151
108 153
108 157
108 173
108 186
108 197
108 198
109 114
109 118
109 119
109 120
109 125
109 133
109 134
109 143
109 149
109 156
109 166
109 171
109 180
109 181
109 183
109 187
109 189
109 191
110 111
110 115
110 117
110 119
110 121
110 122
110 124
110 128
110 131
110 133
110 134
110 142
110 144
110 145
110 146
110 158
110 159
110 162
110 164
110 169
110 178
110 185
110 187
110 190
110 192
110 196
110 197
110 199
111 112
111 114
111 116
111 121
111 122
111 125
111 128
111 129
111 132
111 135
111 137
111 138
111 140
111 142
111 143
111 145
111 146
111 151
111 162
111 163
111 164
111 165
111 178
111 182
111 183
111 185
111 186
111 188
111 196
111 198
112 116
112 118
112 120
112 127
112 128
112 130
112 139
112 143
112 145
112 147
112 151
112 153
112 154
112 158
112 173
112 182
112 190
112 191
112 194
112 196
113 120
113 122
113 124
113 126
113 131
113 132
113 134
113 136
113 141
113 144
113 145
113 146
113 147
113 150
113 153
113 155
113 156
113 157
113 163
113 164
113 166
113 170
113 172
113 175
113 177
113 178
113 179
113 180
113 182
113 186
113 190
113 192
113 194
113 198
114 121
114 127
114 132
114 135
114 142
114 145
114 151
114 156
114 158
114 160
114 161
114 162
114 170
114 174
114 180
114 183
114 189
114 195
115 121
115 122
115 123
115 125
115 127
115 128
115 130
115 132
115 133
115 135
115 136
115 139
115 143
115 144
115 149
115 160
115 165
115 166
115 167
115 170
115 172
115 177
115 180
115 184
115 185
115 186
115 196
115 197
115 199
116 117
116 119
116 128
116 130
116 131
116 132
116 133
116 137
116 138
116 140
116 142
116 143
116 150
116 153
116 158
116 165
116 166
116 167
116 174
116 177
116 191
116 197
116 198
117 121
117 123
117 136
117 140
117 142
117 151
117 157
117 159
117 161
117 162
117 166
117 171
117 172
117 178
117 185
117 189
117 192
117 199
118 120
118 121
118 136
118 138
118 140
118 141
118 143
118 144
118 156
118 157
118 162
118 163
118 170
118 180
118 185
118 186
118 190
118 193
118 195
118 196
118 197
118 199
119 122
119 123
119 126
119 131
119 136
119 137
119 141
119 145
119 150
119 151
119 152
119 162
119 164
119 165
119 168
119 170
119 175
119 176
119 177
119 178
119 180
119 184
119 188
119 189
119 192
119 193
120 121
120 122
120 125
120 126
120 127
120 131
120 132
120 133
120 141
120 146
120 150
120 151
120 152
120 153
120 154
120 157
120 158
120 159
120 163
120 164
120 177
120 180
120 182
120 183
120 184
120 186
120 189
120 190
120 191
120 196
120 197
120 199
121 128
121 135
121 137
121 139
121 140
121 148
121 149
121 150
121 158
121 159
121 160
121 167
121 171
121 172
121 173
121 174
121 176
121 179
121 182
121 184
121 185
121 192
121 194
122 126
122 128
122 131
122 135
122 140
122 141
122 144
122 145
122 153
122 154
122 155
122 162
122 163
122 164
122 165
122 167
122 170
122 185
122 187
122 189
122 191
122 192
122 195
122 197
122 198
123 129
123 136
123 138
123 145
123 148
123 149
123 150
123 151
123 155
123 157
123 159
123 161
123 168
123 174
123 180
123 181
123 183
123 187
123 188
123 193
123 198
124 126
124 127
124 128
124 132
124 136
124 139
124 140
124 145
124 147
124 154
124 155
124 156
124 157
124 158
124 159
124 160
124 165
124 166
124 170
124 171
124 172
124 174
124 175
124 176
124 179
124 180
124 182
124 184
124 194
124 197
124 199
125 130
125 134
125 142
125 143
125 144
125 147
125 151
125 152
125 154
125 155
125 159
125 160
125 162
125 167
125 169
125 170
125 175
125 176
125 179
125 180
125 182
125 183
125 186
125 190
125 194
125 195
125 196
125 199
126 127
126 128
126 129
126 131
126 132
126 133
126 141
126 143
126 144
126 145
126 146
126 147
126 156
126 159
126 163
126 164
126 165
126 167
126 170
126 174
126 181
126 182
126 188
126 189
126 192
126 195
127 128
127 129
127 130
127 139
127 140
127 141
127 146
127 147
127 150
127 155
127 165
127 166
127 167
127 168
127 170
127 171
127 175
127 177
127 187
127 196
128 131
128 134
128 135
128 138
128 139
128 140
128 143
128 144
128 145
128 146
128 153
128 155
128 166
128 170
128 172
128 174
128 177
128 182
128 183
128 186
128 187
128 191
129 131
129 132
129 133
129 137
129 141
129 142
129 144
129 145
129 149
129 150
129 152
129 153
129 157
129 159
129 164
129 165
129 168
129 172
129 175
129 176
129 177
129 183
129 185
129 189
129 198
130 132
130 135
130 141
130 144
130 145
130 146
130 147
130 149
130 153
130 154
130 155
130 156
130 157
130 158
130 159
130 167
130 168
130 170
130 175
130 184
130 186
130 188
130 189
130 190
130 191
130 195
130 197
130 198
131 138
131 142
131 147
131 150
131 153
131 155
131 160
131 161
131 163
131 164
131 178
131 183
131 188
131 191
131 198
132 135
132 136
132 137
132 138
132 142
132 157
132 162
132 164
132 169
132 170
132 176
132 177
132 180
132 181
132 187
132 190
132 191
132 196
132 198
133 134
133 143
133 152
133 157
133 162
133 167
133 175
133 180
133 182
133 183
133 184
133 185
133 186
133 188
133 192
133 197
134 141
134 143
134 146
134 150
134 151
134 153
134 157
134 158
134 160
134 163
134 167
134 168
134 169
134 171
134 175
134 176
134 178
134 182
134 183
134 191
134 195
135 139
135 142
135 143
135 145
135 153
135 157
135 159
135 161
135 162
135 164
135 166
135 171
135 175
135 177
135 182
135 187
135 198
135 199
136 140
136 145
136 147
136 152
136 154
136 165
136 166
136 170
136 172
136 173
136 177
136 180
136 181
136 182
136 197
136 198
137 139
137 142
137 143
137 146
137 154
137 157
137 158
137 160
137 161
137 163
137 169
137 171
137 173
137 174
137 184
137 188
137 189
137 191
137 193
137 194
138 139
138 140
138 141
138 143
138 144
138 145
138 146
138 150
138 158
138 164
138 166
138 168
138 171
138 176
138 178
138 183
138 185
138 188
138 189
138 190
138 192
138 194
138 199
139 140
139 143
139 145
139 160
139 161
139 163
139 167
139 169
139 170
139 174
139 176
139 179
139 180
139 186
139 188
139 190
140 141
140 143
140 148
140 150
140 155
140 156
140 162
140 164
140 170
140 172
140 175
140 178
140 183
140 185
140 186
140 189
140 192
141 142
141 144
141 154
141 157
141 170
141 171
141 175
141 176
141 180
141 181
141 187
141 188
141 190
141 198
141 199
142 143
142 146
142 149
142 150
142 151
142 152
142 161
142 165
142 167
142 171
142 173
142 177
142 179
142 181
142 183
142 186
142 189
142 197
143 145
143 153
143 157
143 161
143 162
143 165
143 170
143 175
143 183
143 184
143 187
143 190
143 199
144 146
144 148
144 149
144 152
144 153
144 158
144 159
144 161
144 162
144 163
144 164
144 165
144 172
144 173
144 177
144 182
144 184
144 186
144 189
144 191
144 194
145 146
145 147
145 149
145 150
145 154
145 156
145 160
145 163
145 164
145 166
145 169
145 170
145 171
145 176
145 177
145 189
145 190
145 192
145 195
145 198
146 147
146 153
146 162
146 164
146 169
146 171
146 174
146 182
146 185
146 186
146 188
146 191
146 194
146 197
146 199
147 148
147 154
147 160
147 161
147 162
147 164
147 169
147 170
147 171
147 174
147 181
147 185
147 189
147 193
147 199
148 151
148 152
148 156
148 157
148 160
148 163
148 164
148 167
148 168
148 176
148 179
148 187
148 188
148 195
148 197
149 154
149 155
149 157
149 159
149 162
149 163
149 166
149 167
149 168
149 175
149 180
149 184
149 186
149 192
149 193
149 196
150 151
150 158
150 159
150 163
150 164
150 165
150 168
150 170
150 173
150 180
150 188
150 192
150 194
151 157
151 159
151 160
151 165
151 167
151 168
151 170
151 173
151 174
151 176
151 177
151 179
151 180
151 181
151 187
151 188
151 189
151 192
151 193
151 194
151 195
151 196
152 162
152 168
152 170
152 171
152 175
152 179
152 190
152 191
152 193
152 194
152 195
153 157
153 160
153 165
153 176
153 179
153 180
153 181
153 184
153 189
153 191
153 192
153 196
154 165
154 168
154 170
154 173
154 176
154 177
154 183
154 188
154 189
154 190
154 191
154 194
154 197
154 198
154 199
155 157
155 159
155 167
155 169
155 172
155 174
155 176
155 178
155 179
155 181
155 190
155 191
155 195
155 197
156 158
156 160
156 162
156 166
156 167
156 168
156 169
156 173
156 177
156 183
156 187
156 188
157 158
157 164
157 167
157 169
157 170
157 179
157 180
157 184
157 185
157 187
157 192
157 195
157 197
158 165
158 168
158 169
158 171
158 173
158 175
158 177
158 181
158 182
158 183
158 185
158 190
158 193
158 198
159 166
159 169
159 175
159 181
159 184
159 185
159 190
159 191
159 195
159 196
159 198
160 165
160 168
160 169
160 177
160 179
160 182
160 183
160 184
160 189
160 190
160 193
160 197
161 165
161 166
161 167
161 172
161 173
161 177
161 179
161 184
161 185
161 188
161 190
161 192
161 195
161 196
162 167
162 168
162 170
162 176
162 177
162 178
162 182
162 183
162 189
162 191
162 194
162 195
162 197
163 164
163 165
163 166
163 172
163 173
163 175
163 177
163 180
163 184
163 185
163 186
163 188
163 189
163 192
163 196
163 197
164 166
164 168
164 172
164 175
164 179
164 181
164 184
164 188
164 189
164 194
164 195
165 170
165 172
165 175
165 176
165 177
165 181
165 182
165 188
165 190
165 191
165 193
165 194
165 197
166 168
166 169
166 171
166 174
166 179
166 180
166 181
166 184
166 193
166 195
166 196
166 198
167 177
167 178
167 188
167 196
167 197
167 199
168 169
168 172
168 173
168 176
168 180
168 186
168 189
168 197
169 170
169 175
169 182
169 183
169 184
169 187
169 192
169 194
169 196
169 198
169 199
170 173
170 174
170 175
170 189
170 190
170 191
170 192
170 194
170 199
171 172
171 176
171 178
171 180
171 181
171 182
171 183
171 184
171 185
171 186
171 188
171 189
171 195
172 176
172 178
172 187
172 190
172 193
172 195
172 198
172 199
173 177
173 178
173 190
173 195
173 198
174 175
174 176
174 177
174 181
174 184
174 185
174 187
174 194
174 195
174 198
175 176
175 181
175 186
175 189
175 190
175 192
175 197
176 177
176 178
176 183
176 185
176 187
176 188
176 197
177 179
177 182
177 185
177 194
177 197
178 179
178 180
178 188
178 198
179 186
179 188
179 194
179 197
179 198
179 199
180 188
180 189
180 193
180 198
181 185
181 186
181 191
181 195
181 199
182 183
182 184
182 186
182 195
182 197
182 199
183 185
183 187
183 188
183 194
183 195
183 198
183 199
184 188
184 189
184 193
184 194
184 196
184 197
184 199
185 187
185 189
185 196
185 198
186 187
186 190
186 192
186 193
186 196
186 198
187 188
187 189
187 199
188 189
188 191
188 199
189 191
189 193
189 194
189 197
190 192
190 193
192 194
192 195
194 195
195 196
195 197
195 198
197 199
