0 4
0 5
0 6
0 7
0 8
0 9
0 17
0 20
0 21
0 22
0 24
0 27
1 3
1 4
1 5
1 6
1 10
1 19
1 26
1 27
1 28
1 29
2 8
2 9
2 13
2 15
2 17
2 18
2 22
2 24
2 25
2 26
2 29
3 6
3 8
3 9
3 15
3 16
3 20
3 21
3 24
3 28
4 6
4 9
4 12
4 13
4 15
4 17
4 18
4 25
5 11
5 14
5 17
5 18
5 19
5 20
5 21
5 26
6 13
6 15
6 16
6 17
6 21
6 26
6 27
6 28
6 29
7 11
7 12
7 23
7 24
7 28
7 29
8 9
8 11
8 12
8 15
8 18
8 26
8 28
9 14
9 18
9 20
9 21
9 26
9 27
10 15
10 18
10 19
10 20
10 23
11 19
11 22
11 23
11 24
11 25
11 28
12 14
12 15
12 16
12 19
12 20
12 21
12 26
13 15
13 16
13 23
14 15
14 19
14 20
14 21
14 25
15 18
15 26
15 27
15 28
16 18
16 25
16 26
17 20
17 23
17 24
18 19
18 20
18 24
18 25
18 28
19 23
19 27
20 21
20 24
20 26
20 29
21 23
21 25
22 23
22 24
22 26
22 27
22 28
22 29
23 25
23 28
24 25
24 27
24 28
25 29
27 29
28 29
