0 5
0 9
0 10
0 14
0 19
0 22
0 24
0 27
0 28
0 31
0 32
0 34
0 37
0 40
0 41
0 42
0 46
0 47
0 48
0 54
0 56
0 57
0 59
0 60
0 62
0 66
0 68
0 71
0 74
0 81
0 84
0 85
0 86
0 94
0 95
0 99
0 105
0 106
0 110
0 112
0 117
0 121
0 123
0 124
0 128
0 129
0 133
0 135
0 137
0 139
0 141
0 142
0 144
0 145
0 153
0 154
0 160
0 165
0 168
0 171
0 173
0 175
0 177
0 182
0 186
0 189
0 190
0 194
0 197
0 198
0 200
0 203
0 208
0 209
0 211
0 221
0 223
0 224
0 226
0 227
0 234
0 235
0 236
0 237
0 238
0 242
0 249
0 251
0 254
0 256
0 260
0 262
0 263
0 266
0 269
0 278
0 282
0 285
0 290
0 298
1 4
1 5
1 11
1 14
1 22
1 28
1 32
1 34
1 38
1 39
1 41
1 47
1 53
1 56
1 57
1 59
1 62
1 64
1 66
1 68
1 71
1 74
1 78
1 81
1 83
1 86
1 97
1 102
1 104
1 114
1 116
1 117
1 120
1 122
1 123
1 137
1 141
1 143
1 145
1 149
1 153
1 156
1 157
1 158
1 160
1 164
1 177
1 181
1 186
1 190
1 191
1 192
1 193
1 198
1 200
1 201
1 208
1 215
1 219
1 222
1 226
1 230
1 231
1 234
1 238
1 239
1 241
1 248
1 250
1 254
1 255
1 257
1 258
1 260
1 262
1 263
1 267
1 268
1 270
1 271
1 273
1 275
1 281
1 284
1 285
1 286
1 289
1 290
1 291
1 298
2 3
2 4
2 10
2 12
2 13
2 14
2 18
2 25
2 26
2 27
2 28
2 34
2 39
2 40
2 50
2 51
2 53
2 65
2 67
2 73
2 77
2 80
2 84
2 85
2 86
2 87
2 95
2 96
2 99
2 101
2 103
2 104
2 108
2 111
2 113
2 114
2 117
2 118
2 126
2 131
2 137
2 142
2 144
2 146
2 151
2 152
2 153
2 157
2 158
2 162
2 163
2 165
2 166
2 170
2 175
2 176
2 178
2 182
2 185
2 186
2 187
2 191
2 193
2 194
2 195
2 200
2 205
2 206
2 208
2 209
2 220
2 223
2 224
2 226
2 228
2 235
2 237
2 240
2 245
2 253
2 257
2 261
2 266
2 271
2 273
2 275
2 276
2 280
2 285
2 288
2 290
2 295
2 296
2 297
2 298
2 299
3 5
3 10
3 13
3 16
3 17
3 21
3 22
3 23
3 26
3 34
3 35
3 39
3 43
3 44
3 47
3 53
3 55
3 60
3 62
3 65
3 66
3 68
3 70
3 71
3 72
3 76
3 77
3 78
3 79
3 82
3 83
3 90
3 92
3 95
3 99
3 100
3 101
3 105
3 108
3 113
3 121
3 122
3 123
3 128
3 130
3 133
3 134
3 138
3 141
3 156
3 158
3 169
3 170
3 172
3 176
3 178
3 183
3 185
3 188
3 190
3 191
3 192
3 198
3 200
3 205
3 218
3 221
3 222
3 225
3 227
3 233
3 235
3 237
3 239
3 243
3 245
3 247
3 251
3 254
3 256
3 258
3 263
3 265
3 266
3 272
3 273
3 280
3 289
3 291
3 292
3 293
3 297
4 12
4 13
4 15
4 20
4 21
4 24
4 25
4 26
4 27
4 29
4 30
4 33
4 46
4 49
4 50
4 54
4 57
4 58
4 59
4 60
4 65
4 77
4 78
4 79
4 80
4 81
4 85
4 90
4 92
4 97
4 100
4 101
4 102
4 109
4 113
4 116
4 123
4 131
4 135
4 139
4 141
4 143
4 144
4 145
4 147
4 150
4 151
4 155
4 157
4 163
4 164
4 168
4 173
4 175
4 178
4 180
4 182
4 183
4 185
4 192
4 193
4 196
4 198
4 199
4 200
4 201
4 204
4 206
4 207
4 208
4 210
4 212
4 223
4 224
4 226
4 228
4 231
4 234
4 238
4 240
4 243
4 244
4 247
4 250
4 252
4 258
4 262
4 266
4 267
4 274
4 277
4 278
4 280
4 281
4 284
4 287
4 289
5 7
5 11
5 14
5 16
5 21
5 22
5 24
5 27
5 29
5 37
5 41
5 48
5 52
5 55
5 56
5 62
5 64
5 70
5 75
5 79
5 82
5 83
5 84
5 87
5 89
5 90
5 93
5 94
5 95
5 96
5 97
5 102
5 103
5 105
5 106
5 110
5 111
5 113
5 116
5 117
5 120
5 122
5 123
5 124
5 126
5 132
5 133
5 136
5 137
5 138
5 141
5 142
5 143
5 148
5 156
5 166
5 169
5 172
5 173
5 174
5 175
5 176
5 182
5 190
5 193
5 196
5 198
5 203
5 204
5 205
5 211
5 212
5 217
5 218
5 219
5 222
5 223
5 230
5 233
5 241
5 242
5 246
5 254
5 257
5 259
5 260
5 268
5 275
5 276
5 278
5 280
5 286
5 290
5 291
5 293
5 296
6 8
6 11
6 15
6 17
6 20
6 22
6 24
6 27
6 30
6 44
6 49
6 51
6 60
6 61
6 63
6 64
6 65
6 75
6 80
6 82
6 89
6 93
6 95
6 97
6 98
6 99
6 101
6 105
6 107
6 112
6 114
6 115
6 117
6 118
6 120
6 121
6 122
6 124
6 129
6 135
6 136
6 140
6 143
6 147
6 159
6 161
6 165
6 168
6 169
6 176
6 177
6 178
6 179
6 184
6 188
6 190
6 192
6 198
6 199
6 202
6 206
6 208
6 209
6 213
6 214
6 217
6 220
6 223
6 224
6 226
6 227
6 229
6 231
6 232
6 238
6 239
6 242
6 244
6 245
6 246
6 249
6 251
6 252
6 255
6 259
6 272
6 274
6 275
6 276
6 279
6 280
6 286
6 287
6 288
6 289
6 290
6 296
6 297
6 298
7 9
7 10
7 14
7 15
7 16
7 18
7 21
7 23
7 24
7 25
7 28
7 29
7 35
7 38
7 41
7 42
7 45
7 47
7 48
7 49
7 50
7 54
7 57
7 65
7 70
7 71
7 75
7 79
7 80
7 81
7 82
7 86
7 95
7 97
7 99
7 100
7 103
7 111
7 123
7 124
7 125
7 127
7 129
7 131
7 133
7 142
7 147
7 149
7 152
7 161
7 165
7 169
7 170
7 174
7 185
7 186
7 187
7 190
7 192
7 194
7 195
7 197
7 198
7 199
7 204
7 205
7 208
7 212
7 222
7 228
7 230
7 234
7 238
7 244
7 245
7 255
7 260
7 266
7 267
7 268
7 272
7 274
7 277
7 283
7 287
7 288
7 289
7 293
8 14
8 16
8 29
8 39
8 40
8 46
8 51
8 54
8 56
8 58
8 59
8 63
8 64
8 71
8 72
8 73
8 74
8 78
8 83
8 85
8 93
8 96
8 99
8 102
8 103
8 109
8 112
8 114
8 115
8 116
8 117
8 120
8 122
8 126
8 129
8 130
8 143
8 155
8 157
8 160
8 162
8 166
8 168
8 171
8 172
8 174
8 175
8 177
8 178
8 182
8 184
8 188
8 189
8 192
8 195
8 213
8 215
8 216
8 217
8 219
8 229
8 231
8 234
8 249
8 250
8 251
8 255
8 258
8 259
8 262
8 267
8 268
8 270
8 271
8 274
8 284
8 292
9 14
9 16
9 20
9 24
9 25
9 26
9 29
9 36
9 37
9 40
9 41
9 43
9 44
9 45
9 46
9 48
9 50
9 53
9 56
9 58
9 60
9 63
9 71
9 74
9 79
9 83
9 87
9 94
9 100
9 101
9 104
9 105
9 108
9 110
9 114
9 118
9 126
9 131
9 133
9 142
9 148
9 150
9 151
9 153
9 154
9 157
9 158
9 159
9 166
9 167
9 171
9 172
9 174
9 180
9 181
9 186
9 187
9 192
9 193
9 196
9 197
9 199
9 201
9 203
9 204
9 205
9 208
9 212
9 213
9 219
9 225
9 229
9 230
9 233
9 238
9 241
9 242
9 244
9 246
9 247
9 251
9 255
9 261
9 267
9 269
9 271
9 272
9 275
9 276
9 277
9 278
9 281
9 282
9 285
9 287
9 291
9 295
9 296
9 299
10 15
10 18
10 21
10 24
10 27
10 37
10 40
10 41
10 47
10 51
10 58
10 61
10 67
10 68
10 69
10 71
10 74
10 79
10 80
10 84
10 86
10 91
10 92
10 93
10 95
10 100
10 102
10 103
10 105
10 107
10 113
10 117
10 124
10 127
10 131
10 133
10 134
10 137
10 142
10 144
10 146
10 147
10 148
10 150
10 152
10 153
10 154
10 156
10 160
10 161
10 164
10 166
10 167
10 169
10 172
10 178
10 185
10 193
10 196
10 198
10 200
10 203
10 206
10 210
10 216
10 218
10 223
10 225
10 237
10 239
10 242
10 246
10 249
10 256
10 260
10 262
10 264
10 265
10 269
10 270
10 284
10 286
10 289
10 290
10 291
10 292
10 293
10 298
10 299
11 13
11 18
11 20
11 21
11 22
11 23
11 24
11 27
11 33
11 44
11 45
11 46
11 47
11 48
11 51
11 54
11 55
11 59
11 62
11 64
11 69
11 70
11 73
11 80
11 84
11 85
11 88
11 96
11 98
11 102
11 104
11 109
11 112
11 116
11 119
11 120
11 123
11 128
11 141
11 144
11 145
11 146
11 147
11 148
11 149
11 150
11 157
11 160
11 161
11 162
11 171
11 173
11 176
11 182
11 184
11 185
11 187
11 191
11 192
11 193
11 205
11 207
11 210
11 211
11 215
11 217
11 222
11 224
11 227
11 230
11 232
11 234
11 238
11 248
11 250
11 255
11 258
11 263
11 265
11 267
11 268
11 272
11 276
11 278
11 279
11 286
11 297
12 14
12 16
12 19
12 21
12 25
12 27
12 33
12 39
12 41
12 51
12 59
12 60
12 63
12 64
12 69
12 70
12 72
12 73
12 77
12 88
12 90
12 91
12 97
12 106
12 107
12 111
12 117
12 129
12 136
12 137
12 139
12 143
12 147
12 150
12 152
12 160
12 166
12 167
12 169
12 176
12 177
12 179
12 181
12 187
12 193
12 194
12 196
12 208
12 209
12 211
12 215
12 218
12 223
12 234
12 235
12 241
12 242
12 244
12 247
12 250
12 253
12 254
12 255
12 260
12 268
12 270
12 271
12 272
12 274
12 290
12 291
12 297
12 298
12 299
13 20
13 21
13 22
13 23
13 26
13 27
13 28
13 31
13 32
13 38
13 43
13 44
13 45
13 49
13 57
13 60
13 63
13 65
13 72
13 73
13 78
13 85
13 102
13 103
13 104
13 105
13 106
13 107
13 110
13 117
13 125
13 127
13 129
13 134
13 143
13 145
13 148
13 150
13 157
13 160
13 162
13 164
13 168
13 169
13 170
13 175
13 176
13 177
13 178
13 180
13 182
13 183
13 184
13 185
13 186
13 194
13 204
13 208
13 217
13 221
13 224
13 225
13 227
13 228
13 236
13 238
13 239
13 249
13 251
13 256
13 259
13 262
13 266
13 270
13 276
13 280
13 281
13 284
13 286
13 288
13 289
13 291
13 294
13 297
13 298
14 20
14 26
14 30
14 32
14 35
14 39
14 40
14 45
14 49
14 53
14 54
14 56
14 59
14 63
14 65
14 68
14 70
14 72
14 74
14 78
14 82
14 84
14 86
14 88
14 89
14 90
14 95
14 97
14 103
14 104
14 106
14 116
14 121
14 131
14 135
14 136
14 142
14 152
14 153
14 158
14 160
14 164
14 168
14 169
14 171
14 173
14 174
14 176
14 177
14 188
14 193
14 197
14 202
14 204
14 212
14 218
14 225
14 228
14 234
14 236
14 240
14 243
14 248
14 250
14 253
14 258
14 261
14 265
14 269
14 270
14 273
14 275
14 280
14 283
14 286
14 291
14 292
14 294
14 295
14 297
14 298
14 299
15 16
15 18
15 23
15 24
15 31
15 35
15 36
15 39
15 40
15 48
15 49
15 56
15 58
15 59
15 61
15 66
15 67
15 69
15 74
15 79
15 90
15 92
15 100
15 105
15 107
15 108
15 113
15 119
15 122
15 124
15 128
15 132
15 137
15 139
15 143
15 144
15 148
15 149
15 150
15 156
15 158
15 167
15 169
15 174
15 178
15 180
15 182
15 183
15 185
15 190
15 193
15 194
15 197
15 201
15 206
15 209
15 216
15 218
15 221
15 225
15 237
15 240
15 242
15 253
15 255
15 259
15 262
15 263
15 266
15 272
15 275
15 278
15 282
15 283
15 297
16 17
16 18
16 20
16 22
16 23
16 26
16 27
16 28
16 31
16 32
16 35
16 38
16 40
16 42
16 43
16 49
16 50
16 51
16 53
16 54
16 55
16 57
16 60
16 61
16 63
16 64
16 65
16 66
16 70
16 71
16 74
16 75
16 78
16 89
16 90
16 91
16 92
16 93
16 96
16 100
16 101
16 104
16 106
16 108
16 109
16 113
16 116
16 118
16 123
16 128
16 129
16 130
16 135
16 139
16 141
16 145
16 150
16 155
16 158
16 162
16 168
16 169
16 174
16 176
16 186
16 196
16 197
16 198
16 205
16 206
16 210
16 211
16 217
16 219
16 221
16 222
16 227
16 230
16 231
16 237
16 240
16 242
16 243
16 246
16 248
16 249
16 251
16 253
16 258
16 259
16 260
16 266
16 267
16 269
16 270
16 273
16 276
16 278
16 286
16 288
16 291
16 293
16 295
16 297
16 298
17 20
17 26
17 27
17 29
17 31
17 33
17 34
17 37
17 43
17 45
17 47
17 56
17 58
17 66
17 67
17 68
17 69
17 74
17 75
17 76
17 78
17 81
17 83
17 85
17 86
17 93
17 97
17 99
17 100
17 106
17 110
17 112
17 115
17 119
17 120
17 122
17 123
17 124
17 125
17 126
17 128
17 132
17 134
17 136
17 137
17 138
17 139
17 143
17 145
17 150
17 151
17 152
17 154
17 159
17 160
17 162
17 163
17 164
17 174
17 179
17 183
17 185
17 186
17 190
17 206
17 207
17 213
17 223
17 224
17 231
17 233
17 234
17 237
17 241
17 242
17 245
17 253
17 254
17 255
17 256
17 261
17 265
17 268
17 269
17 271
17 272
17 275
17 278
17 282
17 283
17 289
17 294
17 295
17 296
18 23
18 26
18 29
18 33
18 35
18 44
18 49
18 53
18 54
18 57
18 58
18 67
18 68
18 72
18 73
18 76
18 78
18 79
18 85
18 86
18 90
18 97
18 103
18 109
18 117
18 122
18 124
18 125
18 127
18 133
18 134
18 135
18 137
18 139
18 144
18 152
18 153
18 158
18 159
18 161
18 163
18 164
18 168
18 172
18 174
18 179
18 183
18 184
18 185
18 187
18 189
18 196
18 197
18 199
18 202
18 203
18 205
18 209
18 210
18 212
18 214
18 217
18 219
18 220
18 225
18 226
18 232
18 233
18 235
18 236
18 238
18 239
18 242
18 244
18 247
18 248
18 251
18 252
18 253
18 255
18 256
18 257
18 260
18 268
18 271
18 281
18 283
18 285
18 286
18 295
18 296
18 297
19 23
19 25
19 30
19 31
19 32
19 33
19 35
19 38
19 42
19 51
19 56
19 61
19 63
19 64
19 69
19 74
19 82
19 87
19 93
19 96
19 97
19 98
19 99
19 104
19 105
19 106
19 107
19 108
19 115
19 116
19 117
19 118
19 121
19 122
19 128
19 131
19 137
19 140
19 142
19 145
19 147
19 152
19 155
19 158
19 160
19 163
19 166
19 167
19 171
19 176
19 181
19 184
19 186
19 189
19 195
19 196
19 198
19 202
19 208
19 212
19 214
19 215
19 217
19 218
19 228
19 229
19 231
19 232
19 233
19 234
19 239
19 241
19 251
19 253
19 254
19 258
19 269
19 272
19 281
19 282
19 287
19 288
19 290
19 292
19 297
20 23
20 24
20 25
20 28
20 30
20 41
20 43
20 44
20 45
20 46
20 47
20 52
20 54
20 55
20 57
20 64
20 66
20 67
20 72
20 77
20 80
20 82
20 83
20 84
20 90
20 91
20 97
20 100
20 103
20 104
20 107
20 116
20 117
20 120
20 122
20 126
20 127
20 128
20 130
20 133
20 134
20 135
20 143
20 145
20 146
20 148
20 154
20 157
20 158
20 160
20 176
20 181
20 186
20 193
20 199
20 200
20 204
20 208
20 212
20 213
20 215
20 224
20 226
20 227
20 228
20 234
20 235
20 239
20 243
20 244
20 248
20 251
20 252
20 257
20 258
20 259
20 272
20 274
20 277
20 279
20 287
20 291
20 294
20 299
21 23
21 27
21 28
21 30
21 33
21 35
21 37
21 49
21 56
21 57
21 62
21 64
21 66
21 68
21 69
21 70
21 80
21 96
21 101
21 115
21 117
21 118
21 122
21 123
21 124
21 125
21 129
21 131
21 138
21 142
21 143
21 145
21 150
21 159
21 160
21 161
21 164
21 165
21 170
21 179
21 182
21 183
21 186
21 187
21 188
21 189
21 194
21 197
21 201
21 202
21 209
21 217
21 220
21 222
21 223
21 226
21 231
21 233
21 235
21 238
21 241
21 244
21 247
21 249
21 250
21 252
21 253
21 256
21 257
21 259
21 262
21 264
21 268
21 269
21 270
21 276
21 278
21 280
21 281
21 282
21 283
21 285
21 287
21 292
21 293
21 294
21 299
22 24
22 25
22 27
22 29
22 41
22 51
22 53
22 54
22 58
22 60
22 62
22 64
22 66
22 75
22 76
22 87
22 88
22 92
22 93
22 94
22 95
22 104
22 107
22 109
22 111
22 116
22 123
22 124
22 127
22 131
22 132
22 138
22 143
22 145
22 146
22 150
22 151
22 154
22 155
22 158
22 159
22 164
22 166
22 173
22 185
22 186
22 188
22 190
22 193
22 194
22 195
22 199
22 200
22 201
22 203
22 206
22 207
22 208
22 211
22 213
22 217
22 218
22 219
22 222
22 225
22 226
22 228
22 229
22 230
22 235
22 236
22 241
22 252
22 269
22 271
22 276
22 279
22 280
22 281
22 283
22 284
22 287
22 299
23 25
23 27
23 31
23 32
23 36
23 37
23 40
23 42
23 43
23 46
23 50
23 56
23 62
23 65
23 72
23 74
23 80
23 82
23 84
23 92
23 97
23 99
23 108
23 111
23 113
23 114
23 115
23 120
23 124
23 127
23 129
23 131
23 134
23 145
23 146
23 157
23 163
23 170
23 171
23 172
23 175
23 177
23 180
23 181
23 183
23 184
23 188
23 189
23 191
23 192
23 195
23 196
23 199
23 200
23 202
23 203
23 204
23 205
23 207
23 208
23 210
23 212
23 213
23 217
23 218
23 220
23 222
23 226
23 239
23 240
23 243
23 249
23 250
23 255
23 264
23 269
23 271
23 276
23 285
23 289
23 295
23 299
24 27
24 35
24 36
24 38
24 48
24 49
24 53
24 56
24 63
24 64
24 67
24 68
24 72
24 78
24 87
24 90
24 93
24 99
24 103
24 104
24 106
24 108
24 111
24 117
24 123
24 127
24 130
24 131
24 132
24 135
24 139
24 146
24 149
24 154
24 155
24 157
24 160
24 165
24 166
24 170
24 172
24 180
24 184
24 187
24 199
24 202
24 207
24 210
24 214
24 215
24 218
24 221
24 228
24 233
24 243
24 247
24 250
24 251
24 252
24 253
24 254
24 260
24 262
24 266
24 270
24 271
24 275
24 276
24 283
24 284
24 285
24 289
24 291
24 292
24 293
24 299
25 29
25 32
25 37
25 39
25 42
25 43
25 45
25 53
25 56
25 57
25 60
25 63
25 66
25 68
25 69
25 78
25 80
25 82
25 90
25 97
25 99
25 101
25 108
25 110
25 116
25 120
25 123
25 125
25 129
25 137
25 138
25 141
25 143
25 145
25 150
25 151
25 156
25 157
25 159
25 162
25 164
25 165
25 167
25 169
25 170
25 173
25 182
25 188
25 189
25 191
25 192
25 201
25 204
25 206
25 209
25 210
25 211
25 217
25 222
25 227
25 230
25 236
25 238
25 241
25 249
25 251
25 253
25 256
25 259
25 262
25 264
25 268
25 270
25 280
25 289
25 291
25 295
25 297
26 28
26 30
26 32
26 38
26 41
26 54
26 55
26 57
26 64
26 66
26 67
26 73
26 74
26 75
26 78
26 79
26 81
26 82
26 86
26 88
26 91
26 92
26 95
26 99
26 100
26 104
26 105
26 109
26 114
26 117
26 119
26 124
26 125
26 126
26 129
26 138
26 140
26 143
26 144
26 150
26 158
26 160
26 169
26 175
26 176
26 178
26 184
26 185
26 186
26 189
26 190
26 194
26 195
26 196
26 197
26 201
26 202
26 203
26 206
26 209
26 212
26 215
26 221
26 222
26 231
26 241
26 242
26 245
26 247
26 249
26 250
26 255
26 265
26 266
26 267
26 269
26 271
26 274
26 275
26 279
26 280
26 283
26 288
26 299
27 28
27 33
27 35
27 49
27 50
27 55
27 59
27 62
27 72
27 74
27 78
27 79
27 87
27 106
27 107
27 110
27 116
27 117
27 119
27 122
27 123
27 126
27 130
27 133
27 135
27 138
27 141
27 144
27 147
27 148
27 149
27 150
27 152
27 153
27 159
27 160
27 162
27 166
27 170
27 174
27 176
27 187
27 189
27 194
27 201
27 205
27 207
27 210
27 211
27 215
27 216
27 218
27 222
27 226
27 228
27 232
27 233
27 234
27 243
27 244
27 247
27 249
27 251
27 252
27 256
27 261
27 263
27 271
27 272
27 273
27 274
27 281
27 283
27 285
27 286
27 291
27 294
27 295
27 298
27 299
28 32
28 35
28 36
28 38
28 39
28 41
28 43
28 54
28 55
28 64
28 79
28 81
28 82
28 89
28 96
28 99
28 103
28 109
28 110
28 117
28 122
28 131
28 132
28 133
28 134
28 142
28 145
28 149
28 154
28 155
28 157
28 160
28 162
28 163
28 165
28 168
28 172
28 185
28 186
28 188
28 190
28 192
28 193
28 198
28 199
28 200
28 201
28 202
28 205
28 207
28 208
28 213
28 214
28 218
28 219
28 220
28 224
28 237
28 246
28 248
28 252
28 253
28 271
28 274
28 279
28 285
28 293
28 295
28 298
28 299
29 30
29 38
29 42
29 43
29 44
29 62
29 63
29 71
29 81
29 99
29 103
29 106
29 107
29 112
29 115
29 120
29 122
29 125
29 131
29 132
29 133
29 137
29 139
29 140
29 141
29 142
29 146
29 147
29 148
29 152
29 168
29 172
29 175
29 177
29 180
29 181
29 182
29 185
29 186
29 198
29 205
29 224
29 225
29 227
29 228
29 229
29 231
29 232
29 233
29 235
29 238
29 246
29 250
29 257
29 262
29 266
29 268
29 276
29 282
29 283
29 284
29 286
29 287
29 291
30 31
30 38
30 39
30 51
30 53
30 54
30 57
30 64
30 73
30 78
30 80
30 85
30 87
30 88
30 91
30 92
30 93
30 95
30 97
30 105
30 106
30 111
30 112
30 114
30 121
30 122
30 123
30 133
30 135
30 137
30 139
30 145
30 150
30 153
30 154
30 155
30 156
30 161
30 164
30 165
30 169
30 170
30 183
30 184
30 186
30 190
30 191
30 193
30 196
30 204
30 208
30 211
30 215
30 220
30 228
30 229
30 231
30 233
30 236
30 241
30 248
30 253
30 256
30 259
30 266
30 267
30 271
30 272
30 273
30 274
30 288
30 289
30 294
30 299
31 36
31 37
31 38
31 44
31 48
31 52
31 54
31 58
31 66
31 70
31 76
31 77
31 80
31 81
31 94
31 99
31 104
31 111
31 117
31 119
31 122
31 124
31 126
31 128
31 133
31 136
31 139
31 145
31 152
31 156
31 157
31 162
31 164
31 166
31 170
31 175
31 179
31 180
31 184
31 188
31 192
31 196
31 200
31 201
31 206
31 207
31 210
31 211
31 215
31 223
31 225
31 230
31 231
31 233
31 235
31 237
31 242
31 263
31 264
31 269
31 271
31 273
31 274
31 278
31 289
31 296
31 297
31 299
32 41
32 42
32 45
32 46
32 47
32 51
32 54
32 55
32 63
32 67
32 69
32 70
32 71
32 76
32 77
32 78
32 79
32 100
32 102
32 107
32 110
32 111
32 117
32 118
32 132
32 137
32 141
32 142
32 143
32 155
32 159
32 162
32 169
32 175
32 176
32 186
32 188
32 189
32 193
32 196
32 197
32 199
32 201
32 203
32 210
32 214
32 218
32 222
32 227
32 228
32 236
32 238
32 244
32 245
32 246
32 251
32 257
32 263
32 267
32 269
32 270
32 275
32 277
32 283
32 285
32 287
32 291
32 294
33 34
33 38
33 40
33 46
33 48
33 50
33 57
33 62
33 66
33 68
33 75
33 80
33 83
33 87
33 93
33 96
33 97
33 98
33 102
33 103
33 104
33 107
33 108
33 109
33 110
33 112
33 114
33 116
33 123
33 124
33 128
33 139
33 144
33 151
33 155
33 158
33 160
33 164
33 168
33 170
33 176
33 179
33 189
33 190
33 199
33 203
33 206
33 208
33 209
33 213
33 215
33 220
33 222
33 226
33 233
33 236
33 239
33 243
33 244
33 249
33 255
33 258
33 259
33 260
33 261
33 264
33 268
33 272
33 274
33 275
33 276
33 283
33 286
33 291
34 40
34 43
34 46
34 48
34 49
34 59
34 60
34 63
34 65
34 66
34 68
34 79
34 85
34 87
34 89
34 92
34 93
34 99
34 102
34 111
34 116
34 118
34 119
34 121
34 122
34 123
34 126
34 127
34 130
34 132
34 135
34 137
34 138
34 139
34 141
34 155
34 156
34 162
34 163
34 164
34 165
34 166
34 171
34 174
34 176
34 177
34 183
34 184
34 189
34 190
34 196
34 199
34 204
34 208
34 218
34 226
34 228
34 229
34 235
34 236
34 242
34 245
34 248
34 254
34 256
34 260
34 266
34 268
34 269
34 271
34 272
34 277
34 278
34 280
34 282
34 285
34 286
34 295
34 296
34 297
35 36
35 45
35 47
35 48
35 50
35 52
35 56
35 62
35 64
35 68
35 71
35 76
35 77
35 79
35 81
35 86
35 89
35 90
35 92
35 95
35 101
35 102
35 103
35 104
35 105
35 108
35 112
35 115
35 116
35 117
35 118
35 119
35 122
35 123
35 126
35 128
35 130
35 132
35 133
35 135
35 136
35 139
35 140
35 145
35 148
35 151
35 161
35 165
35 181
35 182
35 184
35 193
35 197
35 198
35 201
35 203
35 205
35 206
35 207
35 211
35 214
35 228
35 229
35 234
35 235
35 243
35 251
35 256
35 257
35 261
35 269
35 273
35 278
35 279
35 286
35 297
35 299
36 40
36 42
36 44
36 47
36 48
36 49
36 50
36 51
36 57
36 58
36 61
36 63
36 64
36 65
36 66
36 69
36 81
36 82
36 85
36 89
36 91
36 97
36 98
36 106
36 111
36 116
36 117
36 118
36 119
36 124
36 125
36 127
36 133
36 135
36 139
36 141
36 143
36 144
36 148
36 155
36 156
36 158
36 163
36 166
36 172
36 175
36 176
36 178
36 182
36 187
36 189
36 192
36 193
36 195
36 203
36 205
36 210
36 211
36 212
36 213
36 221
36 226
36 234
36 235
36 239
36 250
36 251
36 259
36 268
36 269
36 274
36 279
36 281
36 285
36 286
36 287
36 288
36 289
36 290
36 291
36 292
36 293
36 295
36 297
36 298
37 38
37 41
37 46
37 50
37 51
37 52
37 57
37 58
37 69
37 73
37 84
37 90
37 95
37 96
37 97
37 104
37 107
37 111
37 117
37 119
37 121
37 128
37 143
37 144
37 146
37 149
37 152
37 158
37 159
37 161
37 162
37 163
37 171
37 182
37 183
37 190
37 193
37 195
37 196
37 197
37 202
37 205
37 211
37 212
37 217
37 218
37 220
37 223
37 227
37 233
37 234
37 235
37 236
37 237
37 242
37 244
37 245
37 246
37 248
37 249
37 253
37 254
37 256
37 258
37 259
37 263
37 278
37 283
37 285
37 291
37 294
37 297
37 298
37 299
38 40
38 41
38 47
38 50
38 55
38 56
38 61
38 66
38 70
38 79
38 80
38 87
38 88
38 89
38 92
38 99
38 101
38 104
38 105
38 106
38 108
38 109
38 110
38 112
38 113
38 123
38 124
38 130
38 131
38 136
38 137
38 138
38 146
38 150
38 152
38 154
38 155
38 164
38 167
38 169
38 175
38 179
38 180
38 181
38 183
38 185
38 186
38 190
38 191
38 199
38 201
38 211
38 216
38 225
38 233
38 234
38 238
38 240
38 241
38 242
38 245
38 248
38 253
38 255
38 257
38 259
38 260
38 261
38 270
38 275
38 282
38 283
38 289
38 293
38 295
39 41
39 43
39 59
39 63
39 66
39 69
39 70
39 76
39 77
39 79
39 80
39 83
39 94
39 95
39 105
39 106
39 112
39 113
39 116
39 119
39 122
39 125
39 132
39 139
39 140
39 144
39 146
39 147
39 150
39 153
39 156
39 157
39 161
39 163
39 165
39 166
39 168
39 173
39 178
39 184
39 186
39 192
39 193
39 198
39 199
39 200
39 202
39 206
39 215
39 216
39 220
39 222
39 227
39 228
39 229
39 230
39 234
39 235
39 236
39 238
39 240
39 242
39 244
39 259
39 261
39 271
39 274
39 280
39 282
39 285
39 286
39 288
40 44
40 48
40 50
40 52
40 54
40 59
40 61
40 62
40 64
40 73
40 84
40 89
40 93
40 94
40 97
40 104
40 105
40 110
40 111
40 112
40 114
40 119
40 120
40 121
40 122
40 124
40 125
40 130
40 133
40 134
40 135
40 142
40 146
40 153
40 162
40 169
40 172
40 173
40 174
40 176
40 180
40 181
40 184
40 186
40 191
40 192
40 205
40 208
40 210
40 212
40 218
40 221
40 227
40 230
40 237
40 239
40 246
40 251
40 252
40 256
40 258
40 262
40 264
40 265
40 266
40 267
40 269
40 270
40 271
40 272
40 275
40 280
40 281
40 283
40 284
40 287
40 289
40 292
40 295
40 296
40 299
41 43
41 55
41 63
41 65
41 67
41 72
41 74
41 75
41 77
41 79
41 83
41 85
41 88
41 90
41 91
41 94
41 100
41 109
41 111
41 113
41 126
41 128
41 129
41 141
41 142
41 146
41 159
41 164
41 166
41 169
41 172
41 177
41 179
41 180
41 182
41 185
41 186
41 187
41 191
41 193
41 198
41 201
41 202
41 203
41 207
41 208
41 213
41 217
41 220
41 221
41 225
41 233
41 234
41 238
41 239
41 244
41 251
41 254
41 262
41 264
41 265
41 266
41 269
41 273
41 279
41 287
41 288
41 290
41 291
41 294
41 299
42 45
42 48
42 54
42 57
42 58
42 78
42 80
42 86
42 88
42 94
42 101
42 107
42 111
42 113
42 114
42 120
42 121
42 124
42 130
42 135
42 143
42 150
42 153
42 154
42 156
42 159
42 164
42 171
42 178
42 185
42 195
42 196
42 198
42 200
42 201
42 204
42 207
42 213
42 217
42 222
42 237
42 238
42 242
42 243
42 249
42 250
42 252
42 257
42 262
42 264
42 268
42 269
42 276
42 279
42 284
42 286
42 288
42 294
42 298
43 48
43 55
43 56
43 60
43 61
43 63
43 64
43 65
43 70
43 72
43 74
43 76
43 79
43 80
43 82
43 84
43 85
43 89
43 90
43 92
43 98
43 99
43 101
43 105
43 109
43 117
43 119
43 121
43 124
43 127
43 128
43 130
43 139
43 144
43 149
43 154
43 155
43 161
43 162
43 164
43 165
43 166
43 170
43 172
43 177
43 179
43 180
43 186
43 189
43 191
43 193
43 197
43 198
43 202
43 208
43 213
43 218
43 222
43 223
43 227
43 231
43 233
43 236
43 241
43 245
43 247
43 250
43 256
43 258
43 260
43 261
43 263
43 266
43 267
43 270
43 280
43 289
43 291
43 293
44 52
44 54
44 63
44 68
44 69
44 70
44 71
44 80
44 81
44 83
44 88
44 93
44 95
44 96
44 98
44 99
44 101
44 104
44 107
44 111
44 114
44 115
44 118
44 119
44 124
44 127
44 128
44 132
44 137
44 138
44 142
44 146
44 149
44 150
44 160
44 161
44 162
44 163
44 164
44 171
44 172
44 175
44 177
44 180
44 181
44 183
44 186
44 187
44 188
44 190
44 191
44 194
44 197
44 198
44 204
44 206
44 207
44 211
44 219
44 223
44 225
44 226
44 228
44 232
44 233
44 235
44 236
44 241
44 242
44 243
44 249
44 255
44 257
44 261
44 263
44 268
44 279
44 280
44 283
44 284
44 286
44 288
44 292
44 294
44 296
44 297
44 299
45 47
45 51
45 54
45 55
45 56
45 62
45 73
45 77
45 79
45 80
45 81
45 82
45 85
45 87
45 89
45 90
45 92
45 95
45 97
45 110
45 118
45 119
45 120
45 121
45 123
45 126
45 129
45 137
45 139
45 146
45 151
45 152
45 154
45 156
45 157
45 159
45 167
45 170
45 173
45 183
45 189
45 191
45 192
45 193
45 195
45 202
45 203
45 205
45 210
45 211
45 220
45 223
45 229
45 231
45 237
45 241
45 249
45 255
45 256
45 257
45 263
45 277
45 282
45 283
45 285
45 287
45 289
45 293
45 294
45 295
45 299
46 50
46 55
46 62
46 64
46 65
46 82
46 85
46 86
46 90
46 93
46 102
46 109
46 110
46 113
46 115
46 120
46 124
46 129
46 130
46 131
46 133
46 137
46 139
46 140
46 142
46 146
46 156
46 157
46 159
46 160
46 161
46 163
46 165
46 172
46 173
46 174
46 179
46 182
46 185
46 187
46 190
46 191
46 197
46 200
46 201
46 202
46 203
46 204
46 209
46 212
46 224
46 228
46 234
46 237
46 238
46 239
46 240
46 241
46 242
46 247
46 249
46 251
46 253
46 256
46 259
46 260
46 267
46 268
46 271
46 279
46 280
46 284
46 285
46 290
46 292
47 57
47 60
47 62
47 68
47 69
47 71
47 74
47 76
47 78
47 79
47 80
47 81
47 86
47 89
47 90
47 91
47 100
47 114
47 115
47 116
47 117
47 123
47 125
47 127
47 134
47 142
47 144
47 148
47 149
47 153
47 154
47 159
47 161
47 162
47 164
47 168
47 170
47 173
47 177
47 179
47 180
47 187
47 201
47 205
47 206
47 207
47 208
47 213
47 222
47 223
47 224
47 225
47 231
47 232
47 233
47 235
47 236
47 240
47 241
47 243
47 250
47 257
47 261
47 264
47 265
47 268
47 273
47 275
47 276
47 281
47 283
47 284
47 287
47 288
47 291
47 296
48 55
48 58
48 60
48 68
48 69
48 73
48 77
48 88
48 96
48 97
48 99
48 102
48 113
48 115
48 117
48 120
48 121
48 123
48 124
48 125
48 126
48 128
48 131
48 134
48 139
48 140
48 141
48 142
48 143
48 150
48 153
48 156
48 158
48 163
48 169
48 170
48 175
48 180
48 183
48 186
48 193
48 196
48 198
48 199
48 202
48 204
48 205
48 212
48 216
48 224
48 231
48 235
48 239
48 240
48 243
48 244
48 245
48 247
48 259
48 265
48 266
48 269
48 270
48 273
48 282
48 284
48 287
49 52
49 53
49 55
49 56
49 59
49 61
49 65
49 67
49 72
49 75
49 76
49 82
49 86
49 87
49 88
49 92
49 93
49 96
49 101
49 102
49 105
49 113
49 115
49 118
49 123
49 124
49 129
49 130
49 135
49 139
49 142
49 153
49 154
49 159
49 164
49 166
49 175
49 177
49 179
49 184
49 185
49 187
49 188
49 189
49 196
49 198
49 199
49 201
49 208
49 211
49 212
49 214
49 216
49 218
49 223
49 225
49 226
49 228
49 229
49 232
49 234
49 235
49 236
49 238
49 242
49 244
49 253
49 257
49 262
49 268
49 272
49 274
49 275
49 278
49 279
49 281
49 285
49 286
49 289
49 291
49 292
49 293
49 296
49 298
49 299
50 56
50 60
50 61
50 70
50 71
50 72
50 76
50 78
50 82
50 87
50 88
50 89
50 90
50 93
50 94
50 96
50 101
50 103
50 104
50 109
50 114
50 115
50 118
50 122
50 123
50 124
50 125
50 129
50 131
50 135
50 140
50 141
50 142
50 148
50 149
50 150
50 156
50 157
50 158
50 162
50 164
50 168
50 169
50 173
50 179
50 182
50 186
50 191
50 197
50 200
50 202
50 203
50 204
50 207
50 212
50 215
50 220
50 222
50 224
50 227
50 229
50 231
50 232
50 233
50 235
50 239
50 242
50 243
50 244
50 248
50 258
50 259
50 260
50 261
50 265
50 271
50 274
50 275
50 277
50 279
50 282
50 285
50 286
50 295
51 52
51 56
51 60
51 64
51 65
51 66
51 69
51 79
51 81
51 82
51 83
51 86
51 94
51 95
51 99
51 101
51 110
51 113
51 114
51 117
51 120
51 123
51 124
51 128
51 129
51 135
51 138
51 140
51 141
51 142
51 149
51 150
51 154
51 155
51 156
51 157
51 158
51 160
51 161
51 162
51 171
51 172
51 174
51 175
51 179
51 180
51 185
51 187
51 188
51 189
51 191
51 192
51 194
51 196
51 197
51 198
51 203
51 204
51 205
51 208
51 215
51 216
51 218
51 220
51 223
51 225
51 231
51 236
51 239
51 241
51 245
51 259
51 260
51 262
51 265
51 269
51 274
51 276
51 279
51 288
51 298
52 58
52 66
52 68
52 70
52 71
52 72
52 73
52 77
52 78
52 82
52 84
52 87
52 88
52 91
52 98
52 101
52 108
52 110
52 114
52 115
52 119
52 121
52 123
52 126
52 136
52 138
52 139
52 140
52 141
52 143
52 145
52 146
52 151
52 161
52 164
52 171
52 178
52 182
52 188
52 190
52 192
52 195
52 199
52 202
52 203
52 208
52 215
52 217
52 218
52 220
52 221
52 222
52 224
52 227
52 233
52 234
52 235
52 236
52 241
52 243
52 246
52 250
52 251
52 252
52 254
52 256
52 258
52 260
52 261
52 265
52 269
52 276
52 280
52 282
52 283
52 285
52 290
52 292
52 298
53 54
53 55
53 59
53 66
53 73
53 79
53 80
53 81
53 82
53 84
53 91
53 95
53 98
53 100
53 105
53 106
53 110
53 112
53 113
53 115
53 118
53 121
53 123
53 124
53 130
53 140
53 145
53 147
53 148
53 154
53 156
53 157
53 158
53 159
53 162
53 164
53 166
53 169
53 179
53 182
53 184
53 188
53 195
53 208
53 209
53 211
53 213
53 219
53 223
53 225
53 235
53 239
53 245
53 247
53 249
53 251
53 266
53 269
53 271
53 273
53 281
53 283
53 287
54 58
54 62
54 64
54 73
54 76
54 77
54 82
54 93
54 95
54 96
54 98
54 99
54 103
54 110
54 111
54 121
54 123
54 125
54 131
54 134
54 143
54 145
54 152
54 153
54 154
54 155
54 160
54 161
54 168
54 172
54 178
54 187
54 188
54 189
54 192
54 200
54 206
54 211
54 213
54 218
54 224
54 225
54 226
54 227
54 230
54 231
54 238
54 239
54 242
54 246
54 253
54 260
54 262
54 267
54 269
54 276
54 281
54 290
54 292
54 298
54 299
55 56
55 58
55 62
55 63
55 64
55 69
55 75
55 77
55 86
55 87
55 90
55 92
55 96
55 97
55 98
55 99
55 101
55 115
55 120
55 123
55 126
55 127
55 130
55 131
55 145
55 147
55 151
55 152
55 161
55 167
55 172
55 188
55 190
55 194
55 196
55 198
55 200
55 205
55 207
55 212
55 213
55 214
55 216
55 221
55 226
55 227
55 228
55 230
55 232
55 235
55 236
55 237
55 238
55 246
55 249
55 255
55 258
55 259
55 265
55 272
55 277
55 278
55 280
55 284
55 285
55 287
55 294
55 295
55 296
55 298
56 58
56 59
56 62
56 67
56 69
56 72
56 80
56 81
56 86
56 87
56 88
56 93
56 94
56 95
56 99
56 106
56 110
56 121
56 139
56 140
56 141
56 142
56 145
56 147
56 155
56 158
56 165
56 166
56 168
56 172
56 175
56 178
56 179
56 180
56 187
56 188
56 189
56 194
56 195
56 196
56 197
56 201
56 203
56 208
56 211
56 212
56 213
56 215
56 216
56 217
56 219
56 222
56 226
56 235
56 240
56 244
56 245
56 248
56 249
56 251
56 254
56 256
56 268
56 269
56 274
56 277
56 279
56 281
56 283
56 285
56 287
56 290
56 294
56 296
56 297
57 59
57 60
57 62
57 65
57 67
57 69
57 73
57 75
57 77
57 78
57 80
57 82
57 84
57 87
57 88
57 89
57 94
57 101
57 102
57 103
57 105
57 110
57 117
57 118
57 119
57 120
57 122
57 126
57 127
57 128
57 131
57 136
57 139
57 147
57 148
57 159
57 160
57 163
57 166
57 169
57 172
57 173
57 174
57 175
57 181
57 184
57 189
57 195
57 204
57 212
57 213
57 214
57 215
57 216
57 222
57 228
57 231
57 237
57 238
57 244
57 246
57 248
57 254
57 257
57 260
57 261
57 262
57 265
57 266
57 268
57 270
57 272
57 273
57 275
57 276
57 279
57 284
57 291
57 292
57 299
58 65
58 66
58 70
58 72
58 73
58 79
58 81
58 86
58 87
58 93
58 105
58 106
58 111
58 115
58 117
58 118
58 121
58 125
58 129
58 131
58 136
58 137
58 138
58 139
58 140
58 142
58 143
58 144
58 149
58 160
58 169
58 171
58 172
58 175
58 178
58 187
58 192
58 195
58 196
58 198
58 201
58 208
58 212
58 213
58 218
58 219
58 221
58 228
58 231
58 232
58 233
58 234
58 235
58 241
58 245
58 246
58 247
58 249
58 250
58 254
58 256
58 259
58 260
58 264
58 266
58 267
58 269
58 272
58 275
58 277
58 283
58 285
58 287
58 289
58 290
58 295
58 296
58 298
58 299
59 64
59 65
59 71
59 77
59 82
59 84
59 86
59 88
59 92
59 97
59 100
59 103
59 118
59 126
59 127
59 128
59 130
59 132
59 136
59 137
59 139
59 142
59 146
59 147
59 152
59 153
59 176
59 177
59 181
59 183
59 189
59 192
59 194
59 200
59 201
59 206
59 207
59 208
59 209
59 210
59 219
59 223
59 225
59 227
59 233
59 239
59 243
59 244
59 245
59 249
59 254
59 261
59 263
59 264
59 266
59 269
59 270
59 274
59 277
59 281
59 290
59 292
59 298
60 61
60 64
60 65
60 66
60 71
60 75
60 78
60 79
60 83
60 85
60 88
60 92
60 97
60 100
60 102
60 106
60 111
60 115
60 122
60 125
60 130
60 132
60 136
60 137
60 138
60 139
60 143
60 153
60 160
60 161
60 163
60 164
60 165
60 171
60 174
60 178
60 179
60 180
60 183
60 184
60 185
60 186
60 188
60 192
60 193
60 196
60 209
60 213
60 216
60 219
60 221
60 224
60 226
60 227
60 230
60 233
60 234
60 237
60 238
60 240
60 245
60 256
60 257
60 259
60 261
60 265
60 266
60 267
60 273
60 274
60 276
60 278
60 280
60 284
60 295
60 299
61 62
61 63
61 71
61 73
61 88
61 90
61 96
61 103
61 112
61 113
61 115
61 119
61 120
61 123
61 127
61 128
61 129
61 131
61 132
61 140
61 142
61 143
61 147
61 148
61 152
61 153
61 154
61 156
61 159
61 164
61 169
61 171
61 172
61 173
61 174
61 177
61 180
61 183
61 188
61 190
61 192
61 193
61 195
61 200
61 201
61 203
61 208
61 214
61 220
61 230
61 231
61 239
61 242
61 243
61 246
61 253
61 255
61 260
61 263
61 266
61 270
61 274
61 275
61 276
61 278
61 279
61 280
61 281
61 282
61 283
61 285
61 289
61 296
62 64
62 66
62 85
62 90
62 94
62 95
62 106
62 108
62 117
62 123
62 124
62 128
62 129
62 130
62 132
62 133
62 135
62 143
62 144
62 145
62 148
62 151
62 152
62 153
62 154
62 156
62 157
62 159
62 162
62 163
62 166
62 167
62 169
62 173
62 174
62 177
62 182
62 184
62 186
62 189
62 190
62 197
62 198
62 202
62 205
62 212
62 217
62 219
62 221
62 222
62 223
62 224
62 231
62 232
62 234
62 235
62 236
62 238
62 240
62 241
62 243
62 259
62 260
62 262
62 263
62 268
62 271
62 272
62 279
62 287
62 288
62 290
62 296
62 297
62 298
63 68
63 70
63 71
63 78
63 79
63 81
63 83
63 85
63 93
63 96
63 97
63 101
63 104
63 109
63 112
63 114
63 115
63 116
63 120
63 122
63 123
63 133
63 136
63 137
63 145
63 146
63 147
63 148
63 149
63 150
63 156
63 158
63 159
63 163
63 164
63 165
63 167
63 176
63 178
63 184
63 187
63 188
63 190
63 194
63 195
63 196
63 198
63 205
63 216
63 218
63 228
63 230
63 243
63 253
63 255
63 258
63 259
63 260
63 262
63 264
63 266
63 268
63 269
63 270
63 271
63 273
63 279
63 280
63 281
63 289
63 290
63 292
63 293
63 297
64 65
64 66
64 67
64 68
64 86
64 92
64 94
64 103
64 108
64 110
64 112
64 113
64 114
64 115
64 117
64 121
64 137
64 139
64 140
64 141
64 144
64 146
64 150
64 152
64 154
64 158
64 160
64 161
64 165
64 166
64 167
64 172
64 180
64 184
64 188
64 189
64 194
64 199
64 200
64 201
64 207
64 210
64 213
64 214
64 220
64 225
64 226
64 231
64 235
64 239
64 241
64 247
64 248
64 249
64 252
64 259
64 264
64 274
64 278
64 279
64 282
64 292
64 298
65 70
65 72
65 74
65 75
65 79
65 85
65 87
65 88
65 96
65 97
65 98
65 104
65 105
65 106
65 107
65 109
65 112
65 116
65 118
65 120
65 123
65 126
65 132
65 136
65 137
65 139
65 148
65 149
65 151
65 162
65 164
65 166
65 167
65 168
65 171
65 174
65 177
65 180
65 182
65 186
65 192
65 194
65 195
65 199
65 205
65 212
65 213
65 218
65 220
65 221
65 222
65 224
65 226
65 230
65 231
65 234
65 235
65 237
65 238
65 244
65 249
65 250
65 258
65 264
65 268
65 269
65 279
65 281
65 284
65 294
65 295
65 299
66 68
66 69
66 70
66 71
66 73
66 77
66 82
66 88
66 91
66 92
66 93
66 94
66 97
66 98
66 105
66 111
66 112
66 114
66 118
66 119
66 120
66 121
66 124
66 127
66 131
66 135
66 137
66 138
66 140
66 141
66 143
66 144
66 147
66 152
66 153
66 163
66 165
66 170
66 173
66 174
66 176
66 177
66 178
66 182
66 185
66 189
66 190
66 193
66 194
66 196
66 205
66 213
66 214
66 215
66 221
66 222
66 223
66 225
66 226
66 229
66 235
66 240
66 241
66 243
66 248
66 249
66 256
66 260
66 267
66 268
66 277
66 279
66 281
66 282
66 288
66 290
66 295
66 297
67 72
67 74
67 75
67 79
67 84
67 86
67 91
67 93
67 94
67 97
67 98
67 101
67 102
67 105
67 108
67 110
67 113
67 114
67 117
67 119
67 121
67 123
67 134
67 136
67 138
67 140
67 142
67 144
67 151
67 154
67 156
67 161
67 163
67 164
67 165
67 166
67 170
67 172
67 176
67 180
67 182
67 183
67 190
67 194
67 196
67 198
67 201
67 202
67 203
67 208
67 209
67 220
67 221
67 222
67 223
67 225
67 226
67 229
67 233
67 234
67 236
67 244
67 247
67 252
67 254
67 258
67 263
67 274
67 276
67 278
67 282
67 283
67 292
67 295
67 296
68 69
68 75
68 77
68 80
68 81
68 83
68 88
68 90
68 91
68 92
68 95
68 102
68 107
68 112
68 113
68 114
68 115
68 120
68 121
68 124
68 125
68 126
68 128
68 131
68 133
68 140
68 141
68 143
68 149
68 150
68 151
68 153
68 155
68 159
68 160
68 164
68 166
68 168
68 169
68 170
68 175
68 181
68 183
68 189
68 194
68 196
68 198
68 201
68 202
68 205
68 211
68 212
68 214
68 217
68 218
68 222
68 237
68 238
68 243
68 244
68 248
68 250
68 252
68 253
68 258
68 260
68 261
68 265
68 266
68 267
68 268
68 272
68 273
68 277
68 279
68 285
68 287
68 289
68 290
68 293
68 297
69 71
69 72
69 73
69 77
69 80
69 89
69 92
69 95
69 96
69 100
69 102
69 103
69 104
69 105
69 108
69 109
69 116
69 118
69 120
69 121
69 122
69 127
69 129
69 131
69 135
69 137
69 138
69 140
69 146
69 149
69 152
69 164
69 166
69 167
69 172
69 174
69 177
69 180
69 183
69 185
69 186
69 188
69 191
69 202
69 204
69 210
69 215
69 221
69 224
69 225
69 227
69 228
69 230
69 233
69 235
69 239
69 242
69 244
69 248
69 249
69 252
69 253
69 254
69 262
69 266
69 270
69 274
69 276
69 277
69 284
69 290
69 292
69 293
69 294
69 295
69 297
69 299
70 84
70 86
70 90
70 91
70 92
70 98
70 100
70 104
70 105
70 108
70 115
70 116
70 119
70 123
70 125
70 128
70 129
70 130
70 132
70 133
70 142
70 148
70 149
70 152
70 157
70 158
70 161
70 165
70 167
70 169
70 175
70 178
70 181
70 185
70 188
70 192
70 197
70 198
70 199
70 208
70 209
70 212
70 213
70 214
70 223
70 228
70 234
70 239
70 241
70 246
70 247
70 248
70 249
70 259
70 263
70 268
70 272
70 281
70 289
70 291
70 295
70 296
70 297
71 72
71 79
71 80
71 82
71 84
71 92
71 93
71 99
71 104
71 106
71 108
71 109
71 112
71 114
71 116
71 119
71 127
71 136
71 138
71 139
71 140
71 143
71 146
71 153
71 157
71 158
71 159
71 167
71 174
71 181
71 184
71 186
71 187
71 188
71 189
71 190
71 193
71 200
71 209
71 212
71 214
71 215
71 218
71 220
71 225
71 232
71 233
71 238
71 241
71 242
71 243
71 248
71 257
71 261
71 262
71 281
71 284
71 285
71 286
71 292
71 293
71 297
72 79
72 83
72 85
72 88
72 89
72 92
72 93
72 95
72 97
72 102
72 103
72 123
72 125
72 126
72 128
72 130
72 132
72 134
72 135
72 138
72 143
72 145
72 146
72 149
72 150
72 151
72 155
72 160
72 161
72 164
72 166
72 172
72 175
72 177
72 178
72 180
72 187
72 195
72 196
72 198
72 199
72 201
72 213
72 216
72 217
72 218
72 227
72 228
72 229
72 230
72 231
72 233
72 235
72 236
72 238
72 245
72 248
72 249
72 252
72 256
72 257
72 259
72 260
72 262
72 264
72 265
72 273
72 280
72 282
72 284
72 298
73 74
73 77
73 83
73 84
73 86
73 87
73 89
73 92
73 100
73 103
73 107
73 118
73 122
73 123
73 124
73 126
73 127
73 135
73 139
73 141
73 143
73 144
73 146
73 149
73 170
73 172
73 173
73 174
73 175
73 186
73 195
73 196
73 198
73 201
73 202
73 214
73 221
73 229
73 230
73 233
73 237
73 241
73 245
73 247
73 248
73 249
73 253
73 254
73 255
73 258
73 259
73 265
73 267
73 270
73 271
73 275
73 279
73 284
73 286
73 287
73 291
73 292
73 294
73 296
73 297
73 298
74 75
74 79
74 85
74 88
74 90
74 91
74 100
74 106
74 107
74 117
74 123
74 126
74 127
74 129
74 130
74 132
74 133
74 134
74 141
74 146
74 148
74 153
74 154
74 155
74 159
74 160
74 162
74 164
74 168
74 170
74 171
74 174
74 182
74 183
74 186
74 193
74 196
74 199
74 202
74 203
74 205
74 206
74 219
74 224
74 228
74 234
74 239
74 241
74 244
74 245
74 246
74 247
74 253
74 254
74 260
74 261
74 266
74 269
74 270
74 271
74 279
74 281
74 283
74 288
74 291
74 295
74 297
74 298
75 76
75 77
75 78
75 79
75 80
75 82
75 87
75 88
75 90
75 95
75 99
75 100
75 103
75 105
75 108
75 112
75 120
75 123
75 126
75 131
75 142
75 143
75 151
75 156
75 159
75 160
75 165
75 166
75 167
75 171
75 175
75 180
75 187
75 190
75 200
75 203
75 204
75 207
75 210
75 213
75 217
75 218
75 221
75 223
75 232
75 237
75 239
75 241
75 251
75 268
75 269
75 273
75 284
75 285
75 287
75 290
75 291
75 292
75 294
75 295
75 297
75 298
76 77
76 84
76 89
76 92
76 99
76 105
76 110
76 113
76 114
76 121
76 130
76 131
76 133
76 136
76 138
76 139
76 147
76 151
76 152
76 154
76 157
76 159
76 160
76 162
76 164
76 173
76 174
76 177
76 181
76 190
76 191
76 192
76 199
76 202
76 205
76 209
76 212
76 214
76 216
76 223
76 226
76 231
76 232
76 233
76 234
76 236
76 238
76 245
76 248
76 251
76 255
76 257
76 258
76 260
76 263
76 265
76 268
76 269
76 270
76 275
76 279
76 281
76 282
76 284
76 285
76 286
76 288
76 297
76 299
77 80
77 93
77 94
77 96
77 102
77 103
77 105
77 109
77 111
77 112
77 113
77 116
77 120
77 124
77 129
77 130
77 139
77 142
77 144
77 149
77 150
77 158
77 159
77 160
77 162
77 163
77 164
77 166
77 170
77 177
77 181
77 182
77 190
77 194
77 196
77 204
77 205
77 211
77 214
77 219
77 228
77 231
77 235
77 239
77 245
77 247
77 248
77 250
77 251
77 254
77 259
77 263
77 264
77 268
77 269
77 277
77 278
77 279
77 282
77 283
77 292
77 293
77 296
77 298
78 82
78 85
78 88
78 89
78 94
78 96
78 99
78 101
78 102
78 114
78 118
78 119
78 122
78 123
78 133
78 138
78 142
78 144
78 145
78 147
78 150
78 153
78 154
78 159
78 164
78 166
78 167
78 170
78 175
78 177
78 180
78 183
78 187
78 188
78 193
78 194
78 202
78 204
78 205
78 207
78 210
78 220
78 223
78 232
78 233
78 235
78 237
78 239
78 240
78 241
78 243
78 247
78 253
78 254
78 255
78 256
78 257
78 258
78 260
78 261
78 266
78 269
78 272
78 277
78 284
78 285
78 287
78 288
78 294
78 296
79 81
79 85
79 87
79 89
79 100
79 103
79 106
79 109
79 110
79 114
79 118
79 119
79 126
79 129
79 132
79 135
79 138
79 139
79 148
79 151
79 155
79 159
79 160
79 169
79 172
79 173
79 175
79 185
79 187
79 190
79 192
79 193
79 199
79 205
79 207
79 211
79 212
79 213
79 217
79 220
79 230
79 234
79 235
79 241
79 242
79 244
79 250
79 258
79 266
79 267
79 269
79 270
79 271
79 275
79 276
79 279
79 280
79 283
79 285
79 287
79 289
79 291
79 292
79 299
80 81
80 82
80 84
80 86
80 92
80 94
80 95
80 102
80 103
80 105
80 113
80 114
80 116
80 121
80 123
80 124
80 129
80 131
80 133
80 134
80 140
80 147
80 150
80 153
80 158
80 161
80 162
80 163
80 166
80 167
80 171
80 172
80 173
80 176
80 180
80 182
80 183
80 184
80 187
80 193
80 194
80 199
80 207
80 213
80 214
80 216
80 222
80 227
80 229
80 233
80 235
80 236
80 240
80 241
80 242
80 250
80 251
80 252
80 254
80 260
80 262
80 264
80 277
80 279
80 280
80 281
80 283
80 284
80 285
80 291
80 295
80 298
81 83
81 86
81 89
81 92
81 99
81 100
81 101
81 107
81 109
81 111
81 115
81 130
81 131
81 136
81 137
81 141
81 142
81 143
81 147
81 148
81 153
81 158
81 159
81 166
81 168
81 172
81 175
81 176
81 177
81 178
81 183
81 186
81 190
81 192
81 193
81 195
81 197
81 199
81 200
81 208
81 209
81 211
81 212
81 215
81 218
81 223
81 226
81 227
81 229
81 230
81 233
81 234
81 235
81 237
81 238
81 244
81 245
81 254
81 255
81 258
81 259
81 260
81 262
81 266
81 267
81 269
81 270
81 271
81 273
81 275
81 276
81 278
81 279
81 285
81 286
81 290
81 292
82 83
82 85
82 88
82 90
82 91
82 92
82 95
82 97
82 101
82 106
82 107
82 115
82 119
82 120
82 127
82 133
82 143
82 148
82 157
82 159
82 160
82 162
82 163
82 165
82 166
82 171
82 174
82 177
82 178
82 183
82 185
82 190
82 192
82 193
82 196
82 197
82 198
82 200
82 201
82 204
82 205
82 208
82 211
82 214
82 221
82 225
82 232
82 233
82 235
82 244
82 249
82 251
82 256
82 257
82 261
82 264
82 268
82 269
82 272
82 277
82 279
82 280
82 281
82 285
82 289
82 290
82 291
83 84
83 90
83 91
83 94
83 96
83 97
83 100
83 102
83 104
83 105
83 114
83 116
83 117
83 125
83 127
83 144
83 145
83 146
83 147
83 148
83 151
83 152
83 154
83 157
83 159
83 164
83 165
83 168
83 174
83 184
83 185
83 190
83 191
83 194
83 197
83 198
83 206
83 207
83 209
83 211
83 214
83 217
83 219
83 220
83 227
83 228
83 233
83 234
83 237
83 239
83 241
83 242
83 243
83 250
83 253
83 255
83 257
83 259
83 261
83 269
83 279
83 280
83 283
83 288
83 298
83 299
84 90
84 91
84 101
84 105
84 108
84 111
84 112
84 113
84 115
84 119
84 120
84 122
84 123
84 124
84 127
84 132
84 134
84 135
84 136
84 151
84 156
84 160
84 162
84 167
84 173
84 175
84 176
84 179
84 186
84 190
84 195
84 196
84 202
84 206
84 210
84 211
84 214
84 215
84 218
84 222
84 228
84 229
84 232
84 239
84 245
84 248
84 253
84 257
84 264
84 266
84 270
84 271
84 276
84 277
84 278
84 287
84 294
84 295
84 299
85 88
85 90
85 92
85 94
85 95
85 97
85 106
85 107
85 110
85 111
85 113
85 118
85 120
85 123
85 127
85 128
85 134
85 135
85 143
85 146
85 151
85 156
85 158
85 159
85 161
85 162
85 168
85 175
85 179
85 184
85 188
85 192
85 197
85 198
85 200
85 201
85 202
85 205
85 210
85 216
85 220
85 221
85 222
85 230
85 240
85 244
85 245
85 246
85 247
85 253
85 255
85 256
85 259
85 262
85 264
85 275
85 278
85 284
85 286
85 287
85 288
85 289
85 290
85 291
85 296
86 92
86 106
86 109
86 117
86 118
86 121
86 123
86 129
86 133
86 135
86 136
86 139
86 142
86 147
86 151
86 152
86 153
86 158
86 160
86 162
86 166
86 167
86 172
86 178
86 182
86 184
86 185
86 189
86 192
86 196
86 197
86 201
86 202
86 207
86 213
86 219
86 220
86 223
86 224
86 227
86 229
86 230
86 231
86 238
86 245
86 247
86 249
86 252
86 256
86 258
86 260
86 262
86 267
86 273
86 274
86 275
86 276
86 277
86 278
86 280
86 281
86 282
86 287
86 290
86 295
86 299
87 92
87 93
87 95
87 96
87 98
87 100
87 101
87 103
87 107
87 108
87 110
87 112
87 113
87 115
87 116
87 117
87 120
87 122
87 123
87 124
87 126
87 131
87 132
87 141
87 145
87 151
87 158
87 162
87 165
87 169
87 175
87 176
87 178
87 187
87 188
87 191
87 192
87 197
87 200
87 203
87 207
87 212
87 215
87 231
87 235
87 237
87 239
87 242
87 248
87 250
87 251
87 257
87 259
87 271
87 273
87 275
87 280
87 284
87 287
87 294
87 295
87 296
88 93
88 96
88 98
88 101
88 104
88 111
88 114
88 117
88 118
88 119
88 120
88 122
88 123
88 124
88 128
88 129
88 134
88 137
88 138
88 142
88 143
88 148
88 155
88 156
88 157
88 158
88 160
88 161
88 171
88 172
88 173
88 180
88 185
88 189
88 192
88 195
88 197
88 202
88 209
88 210
88 211
88 212
88 214
88 217
88 219
88 226
88 232
88 235
88 237
88 238
88 241
88 243
88 245
88 247
88 248
88 255
88 256
88 258
88 261
88 263
88 269
88 270
88 275
88 279
88 280
88 282
88 284
88 286
88 291
88 292
88 294
88 297
89 90
89 94
89 101
89 108
89 113
89 119
89 123
89 131
89 132
89 133
89 136
89 137
89 139
89 140
89 142
89 145
89 147
89 151
89 159
89 162
89 170
89 172
89 174
89 175
89 179
89 182
89 190
89 197
89 198
89 200
89 202
89 204
89 209
89 210
89 214
89 225
89 226
89 235
89 236
89 238
89 241
89 242
89 249
89 250
89 263
89 268
89 270
89 271
89 272
89 276
89 280
89 285
89 286
89 291
89 293
89 294
89 296
90 91
90 93
90 94
90 101
90 103
90 104
90 107
90 109
90 110
90 112
90 119
90 121
90 123
90 124
90 125
90 127
90 129
90 132
90 133
90 139
90 143
90 144
90 149
90 154
90 158
90 160
90 163
90 167
90 169
90 170
90 180
90 182
90 186
90 188
90 191
90 199
90 206
90 208
90 213
90 214
90 215
90 217
90 220
90 221
90 223
90 225
90 228
90 229
90 232
90 234
90 237
90 238
90 248
90 256
90 268
90 272
90 274
90 283
90 284
90 290
90 291
90 293
90 295
90 298
91 94
91 97
91 99
91 102
91 103
91 105
91 112
91 115
91 116
91 126
91 130
91 131
91 132
91 139
91 140
91 141
91 142
91 147
91 149
91 152
91 155
91 157
91 158
91 159
91 161
91 169
91 170
91 172
91 173
91 175
91 176
91 180
91 181
91 182
91 184
91 192
91 201
91 206
91 209
91 213
91 214
91 217
91 218
91 220
91 224
91 225
91 227
91 228
91 230
91 234
91 235
91 236
91 237
91 240
91 242
91 245
91 248
91 250
91 251
91 252
91 256
91 258
91 259
91 262
91 269
91 275
91 278
91 279
91 280
91 291
91 293
91 297
91 298
91 299
92 97
92 98
92 100
92 109
92 120
92 121
92 123
92 128
92 133
92 140
92 143
92 144
92 145
92 149
92 151
92 152
92 153
92 154
92 156
92 157
92 159
92 162
92 165
92 167
92 171
92 174
92 177
92 182
92 185
92 188
92 189
92 194
92 196
92 197
92 199
92 200
92 210
92 213
92 215
92 227
92 229
92 230
92 231
92 232
92 237
92 239
92 244
92 245
92 248
92 254
92 260
92 269
92 271
92 273
92 276
92 282
92 285
92 287
92 289
92 290
92 292
92 295
92 297
92 298
93 94
93 95
93 100
93 107
93 116
93 119
93 121
93 123
93 124
93 125
93 127
93 138
93 139
93 147
93 151
93 153
93 155
93 158
93 166
93 170
93 172
93 173
93 183
93 186
93 189
93 190
93 191
93 194
93 199
93 201
93 204
93 206
93 211
93 215
93 216
93 221
93 223
93 225
93 228
93 232
93 233
93 234
93 240
93 241
93 243
93 247
93 250
93 252
93 255
93 256
93 268
93 281
93 282
93 283
93 284
93 289
93 290
93 292
93 297
94 95
94 97
94 99
94 100
94 102
94 104
94 105
94 106
94 107
94 115
94 118
94 119
94 121
94 123
94 128
94 133
94 135
94 138
94 139
94 140
94 142
94 144
94 153
94 160
94 161
94 165
94 167
94 170
94 179
94 180
94 185
94 186
94 194
94 195
94 202
94 203
94 207
94 213
94 215
94 219
94 220
94 222
94 225
94 230
94 231
94 233
94 235
94 239
94 243
94 249
94 250
94 252
94 257
94 258
94 269
94 272
94 276
94 285
94 286
94 287
94 290
94 291
94 294
94 295
94 297
95 97
95 100
95 104
95 105
95 110
95 121
95 124
95 128
95 136
95 138
95 139
95 149
95 155
95 156
95 158
95 159
95 164
95 170
95 171
95 174
95 175
95 177
95 181
95 192
95 193
95 196
95 199
95 201
95 206
95 210
95 213
95 215
95 216
95 217
95 219
95 225
95 230
95 232
95 233
95 238
95 239
95 240
95 241
95 242
95 244
95 250
95 256
95 261
95 268
95 273
95 281
95 282
95 283
95 284
95 286
95 288
95 289
95 290
95 292
95 297
95 298
96 97
96 102
96 104
96 107
96 111
96 115
96 116
96 118
96 126
96 127
96 128
96 129
96 130
96 136
96 137
96 139
96 147
96 148
96 158
96 160
96 165
96 168
96 169
96 176
96 189
96 191
96 195
96 196
96 199
96 201
96 207
96 209
96 210
96 211
96 216
96 218
96 219
96 220
96 221
96 222
96 226
96 227
96 228
96 229
96 230
96 232
96 242
96 243
96 244
96 247
96 249
96 250
96 256
96 257
96 258
96 263
96 266
96 267
96 271
96 277
96 278
96 281
96 283
96 288
96 296
96 298
97 102
97 103
97 118
97 126
97 133
97 138
97 140
97 141
97 143
97 144
97 145
97 147
97 150
97 152
97 155
97 157
97 159
97 162
97 168
97 169
97 170
97 172
97 176
97 180
97 181
97 185
97 189
97 191
97 194
97 195
97 197
97 202
97 208
97 210
97 214
97 218
97 224
97 225
97 226
97 227
97 229
97 231
97 235
97 236
97 241
97 245
97 248
97 249
97 250
97 258
97 263
97 264
97 265
97 268
97 272
97 281
97 282
97 284
97 286
97 297
98 99
98 102
98 103
98 106
98 107
98 108
98 110
98 111
98 112
98 118
98 121
98 135
98 140
98 141
98 142
98 154
98 155
98 164
98 168
98 170
98 175
98 179
98 189
98 191
98 194
98 196
98 202
98 212
98 215
98 219
98 221
98 223
98 225
98 228
98 232
98 233
98 234
98 239
98 241
98 244
98 247
98 250
98 252
98 255
98 256
98 257
98 260
98 261
98 263
98 266
98 268
98 275
98 278
98 291
98 293
98 295
98 296
99 101
99 103
99 107
99 112
99 113
99 115
99 118
99 119
99 121
99 128
99 131
99 138
99 142
99 146
99 148
99 150
99 151
99 152
99 158
99 164
99 165
99 171
99 173
99 179
99 181
99 182
99 183
99 187
99 191
99 194
99 198
99 199
99 201
99 204
99 208
99 210
99 211
99 212
99 214
99 215
99 220
99 222
99 226
99 230
99 234
99 243
99 248
99 256
99 258
99 259
99 260
99 261
99 262
99 266
99 267
99 270
99 271
99 272
99 274
99 278
99 282
99 291
99 292
100 102
100 103
100 105
100 118
100 119
100 126
100 130
100 131
100 134
100 139
100 141
100 144
100 145
100 146
100 147
100 153
100 156
100 159
100 161
100 162
100 173
100 175
100 176
100 178
100 180
100 181
100 182
100 183
100 185
100 187
100 190
100 191
100 192
100 193
100 198
100 202
100 204
100 208
100 209
100 214
100 225
100 230
100 231
100 234
100 239
100 240
100 243
100 244
100 245
100 246
100 249
100 250
100 253
100 254
100 255
100 259
100 260
100 263
100 264
100 268
100 270
100 271
100 277
100 280
100 284
100 287
100 293
100 295
100 298
100 299
101 107
101 110
101 113
101 117
101 125
101 126
101 134
101 140
101 145
101 148
101 150
101 151
101 152
101 153
101 159
101 162
101 164
101 165
101 167
101 170
101 172
101 175
101 181
101 183
101 184
101 190
101 194
101 195
101 196
101 201
101 202
101 204
101 206
101 207
101 210
101 211
101 213
101 214
101 218
101 219
101 229
101 231
101 233
101 235
101 238
101 240
101 245
101 246
101 248
101 259
101 262
101 263
101 266
101 273
101 277
101 279
101 281
101 284
101 293
101 294
101 296
102 103
102 105
102 111
102 112
102 113
102 117
102 125
102 127
102 129
102 132
102 134
102 135
102 137
102 144
102 146
102 154
102 158
102 160
102 166
102 168
102 169
102 182
102 188
102 191
102 194
102 195
102 197
102 199
102 201
102 202
102 203
102 205
102 206
102 207
102 210
102 214
102 218
102 222
102 231
102 232
102 233
102 237
102 239
102 240
102 241
102 246
102 247
102 251
102 253
102 254
102 256
102 257
102 258
102 259
102 261
102 266
102 270
102 271
102 272
102 273
102 279
102 287
102 289
102 290
102 294
102 296
102 298
103 104
103 105
103 107
103 110
103 121
103 125
103 126
103 135
103 141
103 143
103 146
103 147
103 150
103 151
103 152
103 153
103 154
103 162
103 163
103 164
103 166
103 168
103 171
103 174
103 177
103 178
103 182
103 185
103 186
103 194
103 195
103 197
103 201
103 202
103 206
103 210
103 211
103 212
103 216
103 220
103 222
103 232
103 238
103 241
103 243
103 255
103 257
103 264
103 266
103 268
103 270
103 276
103 278
103 279
103 282
103 283
103 285
103 288
103 289
103 293
103 294
103 295
104 105
104 106
104 109
104 112
104 114
104 115
104 117
104 122
104 125
104 134
104 135
104 138
104 140
104 142
104 149
104 153
104 156
104 160
104 161
104 162
104 173
104 174
104 176
104 178
104 182
104 183
104 187
104 192
104 195
104 198
104 208
104 209
104 214
104 216
104 219
104 222
104 223
104 227
104 242
104 243
104 244
104 245
104 249
104 251
104 252
104 253
104 255
104 275
104 276
104 278
104 286
104 291
104 292
104 293
104 296
104 297
104 298
105 107
105 108
105 114
105 115
105 125
105 127
105 134
105 135
105 136
105 137
105 145
105 146
105 151
105 155
105 158
105 159
105 161
105 162
105 163
105 164
105 165
105 168
105 169
105 173
105 177
105 183
105 184
105 190
105 194
105 195
105 204
105 208
105 213
105 215
105 216
105 219
105 222
105 225
105 231
105 232
105 234
105 239
105 253
105 258
105 263
105 268
105 269
105 271
105 273
105 275
105 276
105 283
105 284
105 285
105 291
105 294
105 295
105 298
105 299
106 107
106 113
106 114
106 121
106 124
106 128
106 130
106 133
106 141
106 146
106 152
106 153
106 155
106 156
106 160
106 167
106 171
106 175
106 176
106 177
106 178
106 179
106 185
106 190
106 193
106 197
106 198
106 200
106 204
106 208
106 210
106 216
106 217
106 229
106 236
106 253
106 257
106 259
106 262
106 263
106 264
106 267
106 271
106 272
106 277
106 281
106 293
106 294
106 295
106 297
106 299
107 118
107 121
107 127
107 129
107 130
107 131
107 134
107 135
107 143
107 147
107 148
107 149
107 152
107 154
107 156
107 158
107 169
107 170
107 172
107 175
107 178
107 181
107 184
107 185
107 189
107 194
107 201
107 203
107 208
107 216
107 218
107 220
107 221
107 226
107 228
107 232
107 233
107 234
107 235
107 236
107 239
107 240
107 246
107 254
107 264
107 273
107 275
107 276
107 280
107 282
107 284
107 289
107 293
107 297
107 298
108 110
108 114
108 118
108 131
108 132
108 133
108 135
108 137
108 139
108 141
108 143
108 146
108 147
108 152
108 154
108 157
108 163
108 166
108 168
108 182
108 189
108 191
108 194
108 208
108 209
108 210
108 211
108 216
108 217
108 220
108 224
108 236
108 241
108 244
108 245
108 248
108 252
108 254
108 257
108 267
108 273
108 276
108 284
108 290
108 292
108 294
109 112
109 113
109 115
109 117
109 126
109 130
109 133
109 142
109 148
109 153
109 155
109 157
109 158
109 159
109 160
109 162
109 165
109 166
109 167
109 169
109 177
109 185
109 187
109 190
109 194
109 199
109 204
109 207
109 211
109 215
109 217
109 222
109 225
109 228
109 230
109 231
109 236
109 239
109 241
109 242
109 243
109 244
109 248
109 249
109 259
109 263
109 264
109 267
109 269
109 271
109 272
109 273
109 274
109 275
109 276
109 277
109 278
109 281
109 287
109 289
109 294
109 296
109 298
110 112
110 113
110 117
110 126
110 142
110 145
110 148
110 149
110 153
110 160
110 163
110 166
110 167
110 168
110 171
110 172
110 176
110 178
110 181
110 190
110 193
110 195
110 196
110 197
110 204
110 209
110 211
110 220
110 223
110 227
110 228
110 232
110 233
110 243
110 245
110 247
110 248
110 249
110 250
110 253
110 258
110 259
110 261
110 264
110 265
110 270
110 274
110 275
110 276
110 278
110 280
110 281
110 284
110 285
110 289
110 298
111 119
111 120
111 122
111 127
111 133
111 136
111 140
111 141
111 143
111 144
111 145
111 146
111 148
111 149
111 154
111 156
111 159
111 161
111 163
111 164
111 169
111 173
111 174
111 177
111 178
111 180
111 192
111 194
111 196
111 197
111 202
111 204
111 211
111 212
111 216
111 225
111 229
111 233
111 237
111 238
111 244
111 250
111 251
111 258
111 259
111 265
111 271
111 274
111 284
111 291
111 292
111 293
111 297
111 298
112 122
112 134
112 136
112 137
112 138
112 145
112 146
112 158
112 161
112 162
112 164
112 165
112 168
112 171
112 173
112 174
112 179
112 186
112 189
112 193
112 194
112 197
112 209
112 210
112 211
112 214
112 216
112 217
112 219
112 225
112 228
112 234
112 235
112 239
112 240
112 248
112 249
112 252
112 255
112 256
112 259
112 262
112 267
112 269
112 275
112 279
112 283
112 286
112 289
112 293
112 295
113 118
113 121
113 123
113 125
113 132
113 133
113 142
113 152
113 154
113 159
113 166
113 167
113 168
113 169
113 173
113 184
113 187
113 190
113 193
113 196
113 203
113 205
113 207
113 215
113 216
113 217
113 218
113 219
113 222
113 223
113 225
113 228
113 234
113 240
113 242
113 243
113 247
113 255
113 259
113 261
113 262
113 264
113 276
113 277
113 284
113 293
113 294
113 297
114 118
114 121
114 124
114 125
114 126
114 127
114 128
114 131
114 133
114 136
114 140
114 147
114 149
114 150
114 151
114 152
114 153
114 159
114 160
114 161
114 162
114 163
114 167
114 174
114 176
114 177
114 181
114 186
114 188
114 196
114 197
114 198
114 199
114 206
114 210
114 211
114 215
114 220
114 224
114 227
114 233
114 236
114 240
114 241
114 243
114 244
114 247
114 250
114 258
114 260
114 269
114 283
114 287
114 288
114 290
115 124
115 129
115 132
115 134
115 138
115 144
115 150
115 152
115 155
115 157
115 159
115 162
115 171
115 172
115 180
115 192
115 199
115 202
115 206
115 209
115 210
115 214
115 216
115 217
115 218
115 219
115 220
115 222
115 225
115 231
115 234
115 240
115 241
115 243
115 245
115 251
115 253
115 254
115 255
115 262
115 276
115 280
115 282
115 288
115 295
115 296
115 299
116 118
116 123
116 126
116 128
116 129
116 130
116 132
116 133
116 134
116 135
116 136
116 139
116 146
116 150
116 162
116 167
116 168
116 171
116 176
116 178
116 182
116 188
116 191
116 193
116 195
116 197
116 198
116 199
116 200
116 201
116 202
116 216
116 217
116 219
116 220
116 228
116 229
116 231
116 232
116 233
116 236
116 240
116 241
116 244
116 247
116 250
116 251
116 253
116 255
116 265
116 268
116 271
116 276
116 277
116 278
116 283
116 285
116 292
116 295
117 120
117 121
117 122
117 125
117 134
117 138
117 145
117 149
117 156
117 162
117 163
117 169
117 170
117 172
117 173
117 175
117 184
117 187
117 191
117 193
117 194
117 196
117 197
117 198
117 201
117 204
117 205
117 206
117 208
117 212
117 214
117 222
117 225
117 229
117 237
117 240
117 242
117 246
117 247
117 248
117 250
117 253
117 254
117 256
117 257
117 260
117 266
117 269
117 271
117 272
117 273
117 276
117 277
117 278
117 280
117 285
117 290
117 291
117 298
118 124
118 130
118 132
118 138
118 141
118 147
118 152
118 154
118 156
118 160
118 164
118 168
118 169
118 172
118 177
118 181
118 182
118 185
118 201
118 202
118 204
118 206
118 216
118 220
118 222
118 229
118 231
118 239
118 253
118 254
118 260
118 262
118 263
118 270
118 272
118 279
118 291
118 293
118 294
118 298
119 126
119 127
119 128
119 132
119 138
119 145
119 146
119 149
119 150
119 151
119 171
119 178
119 180
119 184
119 185
119 195
119 196
119 197
119 204
119 206
119 215
119 222
119 230
119 231
119 236
119 249
119 255
119 260
119 264
119 265
119 274
119 278
119 285
119 292
119 293
119 295
120 121
120 122
120 124
120 137
120 139
120 141
120 142
120 146
120 148
120 149
120 153
120 164
120 166
120 169
120 170
120 174
120 175
120 184
120 186
120 187
120 188
120 189
120 191
120 197
120 199
120 204
120 207
120 212
120 218
120 220
120 224
120 231
120 232
120 239
120 243
120 254
120 256
120 257
120 260
120 261
120 263
120 265
120 270
120 271
120 274
120 279
120 281
120 289
120 291
120 294
121 127
121 128
121 130
121 139
121 147
121 149
121 151
121 153
121 166
121 167
121 170
121 174
121 176
121 179
121 181
121 188
121 194
121 196
121 199
121 201
121 202
121 205
121 206
121 214
121 216
121 218
121 219
121 228
121 238
121 239
121 242
121 244
121 247
121 251
121 256
121 262
121 263
121 264
121 266
121 268
121 269
121 270
121 274
121 275
121 276
121 283
121 284
121 293
121 295
121 297
122 123
122 124
122 125
122 126
122 131
122 132
122 134
122 135
122 138
122 143
122 144
122 150
122 151
122 155
122 161
122 163
122 167
122 170
122 182
122 183
122 189
122 194
122 195
122 200
122 203
122 205
122 207
122 212
122 217
122 222
122 223
122 225
122 236
122 237
122 238
122 240
122 241
122 247
122 248
122 251
122 259
122 260
122 262
122 263
122 268
122 270
122 275
122 277
122 278
122 280
122 284
122 286
122 288
122 289
122 291
122 295
123 124
123 126
123 127
123 133
123 134
123 135
123 143
123 148
123 152
123 155
123 156
123 157
123 160
123 161
123 164
123 165
123 168
123 169
123 170
123 172
123 185
123 188
123 193
123 194
123 195
123 196
123 198
123 200
123 203
123 208
123 212
123 214
123 215
123 216
123 217
123 219
123 222
123 224
123 229
123 233
123 234
123 258
123 259
123 261
123 263
123 266
123 267
123 271
123 272
123 279
123 281
123 282
123 288
123 290
123 291
123 292
123 293
123 299
124 131
124 138
124 139
124 140
124 145
124 147
124 149
124 150
124 151
124 154
124 158
124 159
124 161
124 168
124 173
124 177
124 180
124 181
124 182
124 183
124 188
124 190
124 192
124 194
124 195
124 196
124 197
124 199
124 201
124 203
124 207
124 210
124 215
124 217
124 218
124 220
124 223
124 225
124 234
124 238
124 244
124 246
124 248
124 251
124 254
124 257
124 258
124 259
124 260
124 261
124 263
124 267
124 277
124 280
124 285
124 286
124 292
124 293
125 127
125 129
125 132
125 133
125 141
125 145
125 147
125 150
125 153
125 158
125 160
125 165
125 168
125 169
125 171
125 172
125 177
125 182
125 184
125 191
125 194
125 197
125 199
125 200
125 204
125 211
125 212
125 213
125 219
125 220
125 221
125 223
125 224
125 229
125 245
125 249
125 250
125 251
125 253
125 255
125 260
125 262
125 265
125 268
125 272
125 273
125 280
125 281
125 282
125 284
125 286
125 292
125 294
125 297
125 299
126 127
126 132
126 135
126 146
126 149
126 151
126 155
126 162
126 163
126 165
126 166
126 170
126 178
126 180
126 182
126 183
126 185
126 194
126 196
126 201
126 211
126 216
126 220
126 223
126 224
126 225
126 226
126 228
126 231
126 233
126 236
126 240
126 242
126 243
126 244
126 251
126 253
126 256
126 257
126 262
126 273
126 275
126 278
126 280
126 284
126 285
126 286
126 289
126 292
126 296
127 129
127 131
127 132
127 133
127 139
127 141
127 143
127 145
127 146
127 148
127 149
127 151
127 153
127 154
127 155
127 163
127 164
127 165
127 167
127 172
127 175
127 176
127 179
127 186
127 187
127 190
127 194
127 199
127 200
127 202
127 207
127 208
127 210
127 213
127 218
127 222
127 225
127 229
127 230
127 231
127 237
127 239
127 240
127 243
127 245
127 250
127 253
127 257
127 260
127 261
127 265
127 270
127 273
127 276
127 281
127 285
127 290
127 292
127 295
128 129
128 130
128 132
128 133
128 147
128 150
128 158
128 161
128 163
128 167
128 169
128 171
128 176
128 178
128 180
128 181
128 184
128 186
128 197
128 199
128 202
128 212
128 215
128 216
128 217
128 218
128 219
128 220
128 222
128 223
128 225
128 228
128 230
128 236
128 237
128 238
128 239
128 240
128 244
128 245
128 246
128 247
128 251
128 254
128 257
128 260
128 262
128 264
128 266
128 272
128 276
128 277
128 286
128 288
128 292
128 293
128 294
128 299
129 133
129 134
129 140
129 144
129 145
129 150
129 153
129 154
129 155
129 164
129 167
129 173
129 174
129 179
129 187
129 188
129 191
129 192
129 193
129 194
129 202
129 205
129 206
129 210
129 211
129 212
129 214
129 217
129 219
129 226
129 232
129 234
129 235
129 236
129 238
129 242
129 246
129 249
129 251
129 255
129 257
129 259
129 261
129 264
129 272
129 273
129 276
129 287
129 290
129 296
129 299
130 132
130 134
130 136
130 139
130 143
130 149
130 156
130 158
130 162
130 165
130 170
130 171
130 173
130 174
130 175
130 178
130 186
130 188
130 193
130 196
130 197
130 199
130 202
130 203
130 207
130 209
130 217
130 221
130 223
130 224
130 228
130 233
130 237
130 241
130 244
130 245
130 250
130 253
130 256
130 261
130 268
130 269
130 272
130 273
130 274
130 275
130 277
130 281
130 290
130 292
130 299
131 132
131 133
131 140
131 152
131 153
131 154
131 155
131 160
131 161
131 164
131 166
131 169
131 170
131 173
131 174
131 179
131 183
131 185
131 186
131 189
131 191
131 194
131 195
131 197
131 200
131 201
131 204
131 210
131 213
131 214
131 218
131 220
131 221
131 223
131 226
131 228
131 230
131 232
131 234
131 240
131 241
131 242
131 243
131 248
131 250
131 253
131 263
131 266
131 285
131 289
131 291
131 292
131 295
131 297
131 298
132 134
132 135
132 140
132 141
132 143
132 146
132 147
132 148
132 153
132 159
132 162
132 168
132 169
132 172
132 177
132 179
132 180
132 183
132 186
132 193
132 195
132 196
132 198
132 200
132 201
132 205
132 209
132 210
132 213
132 218
132 220
132 223
132 224
132 231
132 239
132 247
132 249
132 254
132 260
132 261
132 264
132 265
132 267
132 269
132 270
132 275
132 277
132 281
132 286
132 297
132 299
133 135
133 142
133 144
133 152
133 153
133 157
133 158
133 163
133 164
133 177
133 179
133 180
133 186
133 188
133 199
133 208
133 210
133 215
133 220
133 221
133 222
133 227
133 236
133 238
133 239
133 241
133 242
133 243
133 247
133 255
133 259
133 261
133 266
133 268
133 269
133 271
133 272
133 277
133 279
133 280
133 282
133 288
133 289
133 290
133 291
133 296
133 297
133 298
134 138
134 140
134 141
134 143
134 144
134 151
134 156
134 157
134 158
134 160
134 166
134 167
134 172
134 175
134 181
134 184
134 190
134 192
134 196
134 198
134 201
134 214
134 219
134 225
134 228
134 236
134 237
134 238
134 240
134 241
134 242
134 243
134 260
134 261
134 263
134 264
134 267
134 268
134 270
134 273
134 278
134 280
134 284
134 286
134 289
134 295
134 296
134 299
135 136
135 137
135 151
135 152
135 154
135 163
135 164
135 168
135 171
135 177
135 179
135 180
135 182
135 184
135 186
135 187
135 192
135 193
135 200
135 203
135 206
135 207
135 208
135 211
135 213
135 217
135 221
135 222
135 224
135 227
135 229
135 233
135 238
135 240
135 242
135 245
135 246
135 247
135 249
135 252
135 254
135 256
135 257
135 259
135 265
135 266
135 267
135 268
135 269
135 271
135 276
135 278
135 282
135 284
135 287
135 289
135 293
135 296
135 298
136 140
136 146
136 149
136 151
136 152
136 153
136 156
136 162
136 164
136 168
136 171
136 172
136 176
136 177
136 178
136 184
136 185
136 186
136 187
136 192
136 193
136 195
136 196
136 198
136 204
136 211
136 212
136 216
136 220
136 221
136 226
136 227
136 229
136 230
136 232
136 235
136 236
136 241
136 242
136 243
136 245
136 254
136 257
136 260
136 265
136 267
136 269
136 273
136 274
136 277
136 287
136 288
136 290
136 295
136 296
137 138
137 147
137 149
137 150
137 151
137 155
137 156
137 157
137 158
137 159
137 161
137 166
137 167
137 168
137 169
137 170
137 176
137 181
137 182
137 183
137 184
137 185
137 186
137 189
137 190
137 193
137 194
137 195
137 199
137 210
137 211
137 217
137 225
137 228
137 231
137 232
137 233
137 236
137 239
137 243
137 246
137 249
137 252
137 253
137 257
137 258
137 262
137 263
137 264
137 266
137 267
137 269
137 277
137 280
137 283
137 285
137 287
137 293
137 295
137 297
137 298
138 140
138 145
138 146
138 152
138 155
138 165
138 177
138 185
138 189
138 191
138 193
138 197
138 198
138 199
138 201
138 205
138 206
138 207
138 211
138 212
138 214
138 216
138 217
138 219
138 224
138 231
138 232
138 234
138 236
138 237
138 242
138 246
138 250
138 251
138 255
138 257
138 259
138 263
138 264
138 266
138 268
138 272
138 273
138 274
138 279
138 286
138 288
138 292
138 297
139 140
139 141
139 147
139 149
139 150
139 153
139 154
139 164
139 170
139 171
139 172
139 179
139 187
139 189
139 195
139 201
139 207
139 208
139 209
139 213
139 222
139 227
139 230
139 232
139 236
139 237
139 238
139 239
139 241
139 242
139 245
139 254
139 256
139 257
139 261
139 262
139 267
139 269
139 274
139 275
139 277
139 278
139 279
139 282
139 283
139 284
139 288
139 292
139 298
140 141
140 148
140 158
140 159
140 160
140 164
140 165
140 166
140 176
140 179
140 180
140 181
140 191
140 192
140 193
140 200
140 204
140 206
140 208
140 210
140 211
140 212
140 215
140 220
140 222
140 233
140 234
140 236
140 242
140 243
140 245
140 247
140 251
140 255
140 256
140 259
140 262
140 266
140 270
140 271
140 274
140 277
140 284
140 291
140 292
140 295
140 299
141 144
141 145
141 150
141 151
141 152
141 153
141 154
141 174
141 181
141 184
141 186
141 187
141 193
141 196
141 204
141 205
141 207
141 209
141 212
141 221
141 222
141 225
141 228
141 229
141 230
141 231
141 233
141 241
141 242
141 244
141 246
141 247
141 252
141 259
141 265
141 269
141 273
141 279
141 281
141 282
141 288
141 290
141 295
141 296
141 299
142 146
142 147
142 152
142 153
142 156
142 158
142 165
142 168
142 171
142 173
142 175
142 177
142 178
142 179
142 189
142 191
142 195
142 200
142 201
142 205
142 210
142 214
142 217
142 218
142 220
142 223
142 229
142 233
142 237
142 240
142 243
142 244
142 246
142 250
142 252
142 253
142 256
142 260
142 262
142 266
142 268
142 274
142 275
142 277
142 283
142 285
142 289
142 290
142 291
142 296
142 299
143 152
143 155
143 157
143 159
143 164
143 166
143 168
143 169
143 171
143 172
143 173
143 175
143 179
143 187
143 189
143 195
143 196
143 205
143 206
143 208
143 209
143 211
143 213
143 214
143 219
143 221
143 223
143 224
143 227
143 228
143 240
143 242
143 244
143 248
143 250
143 252
143 254
143 256
143 261
143 262
143 269
143 273
143 274
143 276
143 279
143 285
143 287
143 288
143 296
144 149
144 155
144 158
144 159
144 160
144 161
144 163
144 168
144 178
144 182
144 187
144 196
144 201
144 203
144 205
144 209
144 210
144 214
144 215
144 217
144 219
144 222
144 223
144 225
144 229
144 230
144 231
144 233
144 235
144 236
144 238
144 239
144 241
144 243
144 245
144 248
144 249
144 255
144 256
144 258
144 260
144 261
144 262
144 273
144 275
144 276
144 277
144 284
144 286
144 287
144 290
144 292
144 296
144 297
144 299
145 149
145 153
145 154
145 157
145 160
145 165
145 169
145 174
145 176
145 178
145 182
145 183
145 184
145 187
145 197
145 200
145 203
145 204
145 208
145 209
145 210
145 211
145 214
145 216
145 217
145 221
145 222
145 227
145 228
145 229
145 233
145 237
145 241
145 242
145 245
145 246
145 248
145 250
145 253
145 256
145 257
145 260
145 265
145 267
145 271
145 278
145 282
145 293
145 294
145 298
145 299
146 148
146 154
146 165
146 166
146 167
146 170
146 172
146 175
146 187
146 192
146 193
146 195
146 197
146 200
146 203
146 205
146 208
146 210
146 212
146 215
146 216
146 221
146 224
146 232
146 233
146 235
146 239
146 241
146 256
146 259
146 262
146 263
146 267
146 269
146 271
146 274
146 275
146 282
146 283
146 286
146 289
146 292
146 295
146 296
146 298
147 149
147 150
147 152
147 153
147 155
147 158
147 162
147 163
147 164
147 169
147 170
147 171
147 172
147 173
147 175
147 178
147 179
147 183
147 188
147 191
147 192
147 195
147 200
147 205
147 215
147 217
147 218
147 221
147 224
147 227
147 234
147 237
147 244
147 245
147 246
147 260
147 269
147 276
147 277
147 279
147 293
147 295
147 296
147 298
148 149
148 151
148 157
148 158
148 159
148 168
148 175
148 177
148 184
148 192
148 193
148 200
148 210
148 212
148 215
148 226
148 229
148 233
148 236
148 247
148 251
148 254
148 258
148 259
148 273
148 278
148 284
148 285
148 288
148 292
148 293
149 150
149 154
149 155
149 157
149 161
149 167
149 168
149 175
149 178
149 181
149 184
149 191
149 196
149 198
149 199
149 209
149 211
149 214
149 218
149 223
149 224
149 226
149 231
149 232
149 236
149 240
149 241
149 245
149 246
149 248
149 252
149 254
149 256
149 257
149 258
149 259
149 260
149 261
149 263
149 273
149 275
149 280
149 283
149 288
149 293
150 151
150 154
150 163
150 165
150 166
150 170
150 176
150 181
150 184
150 185
150 188
150 192
150 199
150 207
150 212
150 213
150 218
150 219
150 220
150 221
150 225
150 226
150 227
150 229
150 235
150 236
150 242
150 243
150 250
150 256
150 258
150 263
150 266
150 269
150 276
150 277
150 279
150 281
150 282
150 284
150 289
150 291
150 292
151 158
151 161
151 164
151 168
151 172
151 176
151 177
151 178
151 179
151 180
151 186
151 187
151 194
151 195
151 198
151 202
151 204
151 205
151 210
151 214
151 217
151 218
151 223
151 225
151 231
151 232
151 237
151 238
151 246
151 248
151 256
151 263
151 264
151 265
151 267
151 270
151 273
151 275
151 282
151 283
151 285
151 288
151 295
151 296
151 297
152 155
152 158
152 159
152 162
152 163
152 166
152 169
152 177
152 178
152 179
152 187
152 189
152 196
152 205
152 207
152 212
152 214
152 217
152 225
152 226
152 234
152 239
152 240
152 254
152 256
152 260
152 262
152 264
152 266
152 271
152 277
152 279
152 284
152 285
152 287
152 294
153 154
153 155
153 158
153 159
153 163
153 183
153 185
153 186
153 192
153 195
153 196
153 198
153 200
153 203
153 204
153 218
153 220
153 222
153 223
153 224
153 226
153 229
153 231
153 232
153 234
153 240
153 243
153 244
153 245
153 249
153 250
153 257
153 258
153 263
153 264
153 265
153 270
153 271
153 280
153 281
153 284
153 288
153 291
153 293
154 157
154 158
154 162
154 168
154 171
154 172
154 175
154 177
154 179
154 181
154 183
154 187
154 190
154 194
154 196
154 205
154 207
154 208
154 213
154 216
154 221
154 230
154 231
154 243
154 255
154 256
154 259
154 260
154 264
154 266
154 268
154 269
154 276
154 277
154 279
154 280
154 283
154 284
154 286
154 291
154 295
154 298
155 157
155 164
155 169
155 181
155 185
155 194
155 199
155 201
155 205
155 210
155 220
155 222
155 224
155 228
155 238
155 248
155 249
155 254
155 258
155 259
155 261
155 263
155 267
155 269
155 270
155 272
155 275
155 282
155 283
155 284
155 285
155 287
155 289
155 291
155 293
156 158
156 163
156 167
156 168
156 169
156 175
156 177
156 182
156 186
156 189
156 190
156 194
156 201
156 202
156 207
156 218
156 219
156 221
156 225
156 226
156 228
156 232
156 233
156 234
156 239
156 240
156 241
156 242
156 245
156 254
156 255
156 261
156 264
156 270
156 272
156 274
156 282
156 283
156 285
156 288
156 289
156 294
156 298
157 158
157 159
157 160
157 161
157 162
157 163
157 168
157 169
157 174
157 176
157 178
157 179
157 180
157 182
157 183
157 185
157 186
157 188
157 189
157 190
157 191
157 193
157 195
157 199
157 200
157 202
157 209
157 211
157 212
157 217
157 219
157 221
157 227
157 230
157 231
157 232
157 233
157 243
157 246
157 252
157 254
157 259
157 264
157 266
157 272
157 274
157 280
157 285
157 286
157 290
157 295
157 296
157 297
158 166
158 168
158 169
158 173
158 177
158 194
158 199
158 201
158 203
158 204
158 207
158 208
158 210
158 213
158 215
158 227
158 228
158 231
158 234
158 235
158 236
158 237
158 238
158 242
158 249
158 250
158 253
158 258
158 259
158 260
158 261
158 264
158 268
158 270
158 273
158 274
158 275
158 277
158 280
158 281
158 282
158 283
158 285
158 286
158 288
158 290
158 291
158 295
158 297
158 298
159 164
159 169
159 175
159 177
159 182
159 186
159 189
159 193
159 197
159 203
159 207
159 219
159 222
159 230
159 232
159 234
159 235
159 240
159 245
159 249
159 250
159 251
159 255
159 258
159 261
159 262
159 264
159 266
159 269
159 270
159 271
159 276
159 280
159 282
159 283
159 287
159 289
159 293
159 299
160 162
160 163
160 164
160 174
160 176
160 177
160 178
160 184
160 185
160 189
160 191
160 193
160 195
160 197
160 205
160 206
160 207
160 215
160 220
160 223
160 225
160 227
160 228
160 230
160 231
160 232
160 236
160 237
160 241
160 248
160 249
160 250
160 257
160 264
160 265
160 267
160 268
160 269
160 271
160 272
160 273
160 274
160 278
160 281
160 284
160 285
160 288
160 289
160 291
160 293
161 167
161 170
161 171
161 172
161 173
161 176
161 178
161 181
161 183
161 187
161 191
161 196
161 197
161 198
161 200
161 202
161 203
161 207
161 208
161 209
161 215
161 216
161 217
161 223
161 224
161 226
161 229
161 230
161 234
161 235
161 236
161 240
161 244
161 245
161 253
161 255
161 256
161 259
161 267
161 274
161 278
161 285
161 293
161 295
161 299
162 165
162 167
162 170
162 171
162 176
162 177
162 182
162 185
162 186
162 187
162 188
162 189
162 192
162 193
162 195
162 198
162 203
162 204
162 205
162 209
162 212
162 215
162 224
162 227
162 228
162 229
162 235
162 237
162 242
162 246
162 249
162 254
162 256
162 257
162 263
162 266
162 271
162 275
162 282
162 287
162 290
162 295
162 299
163 165
163 170
163 173
163 175
163 181
163 190
163 193
163 195
163 196
163 197
163 198
163 199
163 205
163 206
163 209
163 211
163 213
163 217
163 221
163 224
163 227
163 230
163 236
163 240
163 246
163 247
163 250
163 256
163 257
163 258
163 260
163 261
163 264
163 271
163 274
163 277
163 280
163 283
163 284
163 294
163 297
164 170
164 179
164 187
164 190
164 191
164 195
164 200
164 205
164 209
164 211
164 212
164 214
164 216
164 218
164 219
164 223
164 229
164 230
164 233
164 236
164 245
164 253
164 268
164 278
164 283
164 285
164 286
164 290
164 295
164 297
164 299
165 166
165 168
165 172
165 174
165 175
165 176
165 177
165 179
165 182
165 183
165 186
165 192
165 198
165 199
165 200
165 205
165 207
165 208
165 210
165 215
165 218
165 219
165 221
165 222
165 225
165 227
165 228
165 231
165 232
165 233
165 242
165 246
165 248
165 249
165 252
165 273
165 276
165 278
165 279
165 287
165 298
165 299
166 169
166 171
166 179
166 180
166 182
166 192
166 195
166 196
166 199
166 201
166 203
166 207
166 212
166 216
166 218
166 221
166 226
166 231
166 234
166 238
166 239
166 240
166 244
166 248
166 258
166 261
166 262
166 265
166 281
166 283
166 288
166 289
166 293
166 296
166 299
167 168
167 172
167 174
167 176
167 181
167 187
167 188
167 191
167 195
167 198
167 199
167 205
167 206
167 210
167 212
167 216
167 219
167 232
167 237
167 238
167 241
167 243
167 245
167 246
167 248
167 251
167 253
167 254
167 257
167 260
167 261
167 263
167 264
167 266
167 268
167 273
167 275
167 276
167 277
167 280
167 281
167 282
167 288
167 289
167 291
168 169
168 173
168 181
168 184
168 185
168 186
168 190
168 192
168 205
168 217
168 218
168 221
168 224
168 227
168 237
168 242
168 248
168 251
168 255
168 258
168 259
168 262
168 264
168 272
168 277
168 278
168 285
168 297
168 299
169 172
169 173
169 174
169 177
169 184
169 192
169 195
169 196
169 197
169 199
169 206
169 211
169 212
169 217
169 219
169 221
169 225
169 226
169 227
169 231
169 232
169 235
169 236
169 238
169 239
169 241
169 244
169 245
169 251
169 260
169 262
169 266
169 271
169 273
169 277
169 280
169 284
169 288
169 292
169 295
169 296
169 298
169 299
170 175
170 180
170 184
170 185
170 187
170 192
170 197
170 198
170 202
170 208
170 211
170 215
170 227
170 229
170 231
170 234
170 237
170 238
170 241
170 248
170 253
170 256
170 257
170 266
170 268
170 271
170 275
170 276
170 277
170 284
170 288
170 290
170 294
171 172
171 176
171 181
171 183
171 187
171 188
171 190
171 191
171 192
171 194
171 198
171 202
171 205
171 206
171 207
171 211
171 213
171 220
171 225
171 226
171 227
171 230
171 232
171 234
171 237
171 238
171 239
171 243
171 244
171 246
171 252
171 253
171 257
171 262
171 264
171 266
171 279
171 285
171 286
171 288
171 296
171 297
172 174
172 177
172 178
172 181
172 183
172 185
172 186
172 190
172 192
172 195
172 209
172 211
172 215
172 218
172 220
172 221
172 224
172 226
172 227
172 233
172 235
172 237
172 239
172 241
172 242
172 244
172 250
172 252
172 253
172 256
172 261
172 262
172 270
172 271
172 278
172 281
172 282
172 283
172 285
172 286
172 289
172 291
172 293
172 297
173 175
173 177
173 179
173 181
173 182
173 185
173 189
173 191
173 196
173 197
173 199
173 206
173 210
173 211
173 213
173 214
173 215
173 221
173 223
173 224
173 226
173 227
173 229
173 231
173 233
173 236
173 242
173 244
173 245
173 250
173 253
173 260
173 261
173 264
173 267
173 275
173 278
173 280
173 286
173 287
173 296
173 298
174 184
174 185
174 186
174 190
174 197
174 200
174 201
174 205
174 206
174 209
174 211
174 214
174 215
174 219
174 221
174 225
174 226
174 227
174 230
174 233
174 235
174 236
174 238
174 248
174 256
174 257
174 260
174 264
174 267
174 269
174 271
174 273
174 274
174 275
174 278
174 279
174 283
174 284
174 288
174 289
174 292
174 293
174 294
174 295
174 297
175 178
175 182
175 183
175 190
175 191
175 194
175 197
175 200
175 202
175 204
175 227
175 230
175 236
175 237
175 238
175 242
175 245
175 249
175 256
175 259
175 265
175 268
175 269
175 272
175 275
175 282
175 285
175 288
175 289
175 292
175 293
175 296
175 297
175 298
175 299
176 178
176 183
176 191
176 196
176 203
176 204
176 209
176 215
176 219
176 222
176 227
176 229
176 239
176 243
176 245
176 251
176 257
176 264
176 266
176 267
176 270
176 273
176 275
176 277
176 278
176 279
176 280
176 281
176 286
176 291
176 295
176 296
176 297
177 178
177 180
177 183
177 184
177 186
177 190
177 191
177 200
177 201
177 207
177 208
177 215
177 217
177 218
177 219
177 221
177 223
177 226
177 233
177 234
177 235
177 237
177 238
177 240
177 241
177 243
177 245
177 246
177 248
177 251
177 255
177 258
177 264
177 270
177 271
177 272
177 277
177 278
177 282
177 284
177 285
177 286
177 287
177 288
177 289
177 294
178 179
178 192
178 195
178 196
178 197
178 199
178 201
178 203
178 205
178 206
178 207
178 209
178 215
178 217
178 220
178 231
178 233
178 236
178 238
178 239
178 244
178 249
178 252
178 253
178 267
178 270
178 272
178 275
178 276
178 277
178 280
178 285
178 286
178 291
178 292
178 294
178 297
179 182
179 183
179 194
179 201
179 211
179 213
179 215
179 216
179 218
179 219
179 223
179 228
179 231
179 235
179 239
179 242
179 245
179 246
179 255
179 256
179 259
179 260
179 262
179 266
179 269
179 270
179 275
179 278
179 288
179 294
179 297
179 298
180 182
180 184
180 190
180 191
180 195
180 202
180 204
180 210
180 212
180 213
180 216
180 218
180 221
180 222
180 223
180 224
180 231
180 234
180 245
180 246
180 251
180 255
180 258
180 263
180 268
180 273
180 274
180 275
180 279
180 281
180 283
180 284
180 292
180 297
181 184
181 188
181 189
181 195
181 196
181 197
181 198
181 203
181 204
181 208
181 214
181 215
181 220
181 223
181 229
181 234
181 244
181 253
181 254
181 255
181 262
181 265
181 266
181 280
181 282
181 283
181 285
181 286
181 290
181 291
182 183
182 184
182 195
182 196
182 197
182 200
182 202
182 203
182 204
182 205
182 206
182 208
182 210
182 211
182 217
182 219
182 220
182 226
182 227
182 230
182 232
182 234
182 235
182 238
182 239
182 240
182 246
182 247
182 254
182 258
182 259
182 262
182 264
182 265
182 266
182 267
182 269
182 274
182 277
182 281
182 284
182 286
182 287
182 288
182 297
183 184
183 185
183 187
183 188
183 191
183 193
183 194
183 204
183 212
183 218
183 227
183 232
183 235
183 240
183 242
183 246
183 247
183 250
183 251
183 254
183 255
183 257
183 258
183 261
183 262
183 265
183 266
183 277
183 278
183 279
183 282
183 286
183 289
183 290
183 292
183 295
183 296
183 297
183 299
184 185
184 188
184 191
184 192
184 196
184 197
184 201
184 203
184 205
184 206
184 212
184 216
184 228
184 234
184 237
184 239
184 244
184 250
184 251
184 253
184 258
184 260
184 261
184 265
184 267
184 270
184 272
184 278
184 283
184 284
184 285
184 287
184 292
184 295
184 296
185 186
185 189
185 190
185 194
185 202
185 205
185 206
185 207
185 217
185 218
185 221
185 225
185 226
185 228
185 230
185 235
185 237
185 245
185 246
185 247
185 248
185 252
185 254
185 259
185 261
185 267
185 271
185 272
185 273
185 275
185 278
185 282
185 285
185 290
185 296
185 299
186 187
186 189
186 190
186 193
186 194
186 197
186 210
186 212
186 221
186 222
186 223
186 225
186 226
186 229
186 231
186 244
186 249
186 250
186 266
186 267
186 270
186 274
186 275
186 276
186 283
186 285
186 287
186 288
186 296
186 297
187 188
187 190
187 194
187 196
187 200
187 201
187 202
187 205
187 208
187 209
187 210
187 211
187 213
187 214
187 215
187 216
187 219
187 220
187 222
187 223
187 229
187 231
187 233
187 237
187 238
187 241
187 248
187 249
187 251
187 252
187 253
187 254
187 255
187 257
187 262
187 278
187 279
187 281
187 282
187 287
187 289
187 291
187 294
187 296
187 298
187 299
188 192
188 194
188 196
188 197
188 199
188 200
188 221
188 225
188 228
188 229
188 231
188 234
188 236
188 241
188 244
188 250
188 258
188 260
188 265
188 267
188 271
188 272
188 284
188 285
188 286
188 287
188 289
188 291
188 292
188 296
188 299
189 192
189 193
189 194
189 206
189 208
189 209
189 216
189 217
189 222
189 224
189 232
189 234
189 238
189 246
189 256
189 261
189 263
189 264
189 269
189 270
189 272
189 273
189 275
189 281
189 285
189 286
189 289
189 291
189 295
189 296
190 191
190 192
190 194
190 204
190 214
190 215
190 220
190 225
190 226
190 227
190 228
190 236
190 241
190 244
190 247
190 254
190 257
190 262
190 264
190 265
190 266
190 270
190 271
190 274
190 275
190 276
190 277
190 281
190 282
190 283
190 285
190 288
190 289
190 293
190 297
191 192
191 196
191 198
191 205
191 214
191 218
191 219
191 222
191 223
191 226
191 229
191 233
191 235
191 237
191 241
191 243
191 244
191 248
191 250
191 252
191 253
191 257
191 258
191 259
191 261
191 265
191 267
191 274
191 275
191 277
191 282
191 283
191 285
191 289
191 291
191 292
191 296
191 298
192 193
192 197
192 200
192 202
192 204
192 206
192 209
192 210
192 211
192 213
192 217
192 219
192 222
192 225
192 228
192 229
192 230
192 231
192 234
192 235
192 237
192 243
192 244
192 245
192 248
192 249
192 251
192 252
192 255
192 258
192 263
192 266
192 273
192 274
192 278
192 279
192 283
192 288
192 289
192 290
192 291
192 295
192 297
192 298
192 299
193 196
193 202
193 205
193 212
193 221
193 222
193 224
193 225
193 231
193 232
193 237
193 243
193 244
193 256
193 258
193 260
193 261
193 264
193 277
193 278
193 281
193 285
193 286
193 293
193 294
193 297
194 196
194 197
194 198
194 199
194 200
194 205
194 211
194 217
194 219
194 223
194 232
194 233
194 235
194 238
194 240
194 242
194 243
194 256
194 257
194 259
194 260
194 268
194 271
194 272
194 276
194 280
194 283
194 287
194 288
194 289
194 290
194 298
195 196
195 202
195 203
195 212
195 215
195 217
195 222
195 224
195 228
195 235
195 237
195 241
195 242
195 249
195 252
195 253
195 255
195 258
195 260
195 261
195 263
195 270
195 272
195 274
195 276
195 277
195 278
195 282
195 290
195 296
195 297
196 200
196 208
196 209
196 220
196 221
196 227
196 229
196 231
196 233
196 236
196 237
196 242
196 249
196 251
196 252
196 256
196 258
196 262
196 268
196 269
196 273
196 274
196 281
196 289
196 291
196 295
196 299
197 201
197 208
197 210
197 211
197 213
197 225
197 230
197 231
197 243
197 251
197 253
197 254
197 258
197 266
197 268
197 274
197 275
197 281
197 283
197 285
197 290
197 291
197 295
197 297
198 199
198 205
198 211
198 212
198 213
198 215
198 219
198 224
198 226
198 227
198 228
198 232
198 238
198 239
198 245
198 246
198 250
198 255
198 256
198 267
198 272
198 273
198 274
198 278
198 282
198 286
198 290
198 291
198 294
198 295
198 298
198 299
199 200
199 201
199 202
199 204
199 206
199 208
199 211
199 212
199 229
199 233
199 235
199 236
199 237
199 239
199 240
199 241
199 246
199 250
199 255
199 263
199 265
199 266
199 271
199 272
199 273
199 278
199 282
199 288
199 290
199 293
200 208
200 216
200 224
200 229
200 231
200 232
200 237
200 244
200 247
200 250
200 255
200 256
200 257
200 261
200 264
200 266
200 276
200 277
200 278
200 291
200 295
200 296
201 203
201 206
201 212
201 216
201 217
201 218
201 219
201 223
201 224
201 229
201 234
201 235
201 236
201 237
201 238
201 247
201 248
201 249
201 250
201 251
201 259
201 269
201 271
201 289
201 290
201 299
202 204
202 208
202 209
202 210
202 213
202 214
202 216
202 217
202 220
202 224
202 225
202 231
202 233
202 238
202 241
202 242
202 243
202 248
202 253
202 259
202 263
202 264
202 265
202 267
202 270
202 271
202 284
202 286
202 291
202 293
202 297
203 212
203 216
203 217
203 219
203 220
203 226
203 228
203 229
203 233
203 234
203 237
203 245
203 251
203 254
203 255
203 257
203 259
203 261
203 263
203 266
203 272
203 274
203 276
203 277
203 282
203 286
203 290
204 206
204 207
204 210
204 212
204 216
204 219
204 221
204 223
204 224
204 225
204 232
204 234
204 236
204 241
204 243
204 244
204 245
204 246
204 249
204 254
204 255
204 257
204 263
204 266
204 268
204 269
204 270
204 271
204 274
204 281
204 282
204 284
204 287
204 289
204 291
204 293
204 296
205 208
205 209
205 211
205 213
205 219
205 222
205 224
205 225
205 236
205 238
205 242
205 248
205 251
205 256
205 264
205 273
205 276
205 279
205 285
205 287
205 288
205 290
205 293
206 208
206 209
206 210
206 221
206 226
206 228
206 229
206 230
206 231
206 232
206 234
206 243
206 244
206 247
206 249
206 250
206 251
206 253
206 256
206 257
206 261
206 266
206 267
206 274
206 281
206 282
206 287
206 292
206 293
206 297
206 299
207 209
207 212
207 214
207 215
207 223
207 224
207 229
207 233
207 236
207 242
207 247
207 251
207 252
207 259
207 260
207 261
207 264
207 278
207 280
207 287
207 293
207 298
208 210
208 211
208 212
208 217
208 224
208 225
208 235
208 236
208 242
208 244
208 245
208 248
208 250
208 251
208 257
208 262
208 265
208 268
208 272
208 274
208 275
208 276
208 277
208 280
208 281
208 288
208 291
208 294
208 295
208 297
208 298
209 210
209 213
209 219
209 224
209 225
209 232
209 233
209 235
209 237
209 248
209 253
209 256
209 260
209 265
209 266
209 267
209 270
209 274
209 277
209 279
209 280
209 289
209 290
209 291
209 296
209 298
209 299
210 211
210 212
210 214
210 215
210 216
210 217
210 225
210 228
210 239
210 241
210 242
210 244
210 245
210 247
210 250
210 251
210 253
210 256
210 264
210 267
210 271
210 275
210 276
210 278
210 282
210 283
210 286
210 295
210 297
211 216
211 230
211 232
211 233
211 234
211 237
211 241
211 249
211 251
211 252
211 253
211 258
211 260
211 262
211 264
211 265
211 269
211 272
211 281
211 282
211 284
211 286
211 287
211 289
211 290
211 296
211 297
212 215
212 220
212 221
212 223
212 225
212 226
212 229
212 231
212 233
212 235
212 236
212 237
212 238
212 240
212 246
212 248
212 258
212 260
212 263
212 265
212 274
212 276
212 278
212 282
212 286
212 287
212 293
212 298
212 299
213 215
213 218
213 222
213 225
213 226
213 230
213 232
213 234
213 236
213 237
213 245
213 247
213 251
213 253
213 258
213 259
213 260
213 265
213 266
213 269
213 273
213 275
213 276
213 283
213 284
213 285
213 286
213 290
213 294
213 297
214 215
214 223
214 224
214 229
214 234
214 235
214 236
214 238
214 239
214 241
214 250
214 261
214 262
214 265
214 269
214 271
214 274
214 275
214 279
214 283
214 285
214 286
214 291
214 292
214 293
214 295
214 296
214 298
214 299
215 216
215 219
215 226
215 228
215 229
215 232
215 234
215 240
215 245
215 248
215 249
215 250
215 254
215 264
215 267
215 268
215 270
215 271
215 272
215 274
215 284
215 286
215 290
215 294
215 298
215 299
216 217
216 218
216 219
216 232
216 233
216 234
216 236
216 237
216 238
216 242
216 245
216 250
216 252
216 255
216 259
216 260
216 261
216 264
216 266
216 268
216 272
216 275
216 276
216 279
216 288
216 291
216 293
217 220
217 221
217 222
217 233
217 236
217 238
217 244
217 246
217 247
217 255
217 258
217 265
217 266
217 267
217 272
217 274
217 276
217 278
217 280
217 281
217 283
217 286
217 287
217 289
217 292
217 293
218 221
218 223
218 226
218 236
218 240
218 243
218 244
218 249
218 256
218 259
218 260
218 266
218 269
218 270
218 273
218 274
218 275
218 283
218 293
219 220
219 223
219 224
219 225
219 237
219 238
219 240
219 241
219 242
219 250
219 257
219 258
219 271
219 275
219 291
219 294
219 295
220 222
220 234
220 242
220 243
220 248
220 250
220 259
220 267
220 269
220 270
220 271
220 272
220 282
220 284
220 285
220 288
220 291
220 296
221 222
221 225
221 226
221 227
221 233
221 240
221 247
221 251
221 252
221 256
221 260
221 262
221 268
221 272
221 279
221 281
221 282
221 283
221 287
221 288
221 291
221 293
221 294
221 299
222 223
222 225
222 226
222 228
222 230
222 236
222 239
222 242
222 243
222 244
222 247
222 248
222 257
222 258
222 267
222 271
222 272
222 275
222 279
222 282
222 284
222 285
222 286
222 289
222 291
222 296
222 299
223 225
223 230
223 231
223 232
223 233
223 234
223 238
223 245
223 251
223 252
223 253
223 254
223 257
223 258
223 263
223 270
223 276
223 278
223 281
223 284
223 289
223 291
223 296
223 297
224 226
224 229
224 232
224 233
224 234
224 236
224 240
224 243
224 244
224 249
224 251
224 253
224 256
224 258
224 259
224 260
224 261
224 263
224 265
224 267
224 270
224 274
224 277
224 291
224 297
224 298
225 227
225 237
225 242
225 244
225 247
225 250
225 256
225 257
225 259
225 260
225 265
225 266
225 269
225 272
225 275
225 278
225 284
225 287
225 289
225 295
225 299
226 228
226 230
226 231
226 242
226 244
226 245
226 246
226 249
226 253
226 255
226 267
226 272
226 284
226 285
226 291
226 292
226 294
226 298
226 299
227 237
227 238
227 243
227 245
227 246
227 247
227 250
227 251
227 252
227 258
227 265
227 266
227 270
227 275
227 280
227 281
227 283
227 285
227 290
227 299
228 240
228 249
228 255
228 256
228 260
228 264
228 265
228 273
228 274
228 277
228 278
228 281
228 285
228 287
228 296
228 297
228 298
229 230
229 231
229 234
229 236
229 239
229 247
229 253
229 258
229 260
229 261
229 263
229 271
229 275
229 279
229 283
229 284
229 287
229 288
229 289
229 291
229 298
230 231
230 237
230 239
230 241
230 244
230 247
230 250
230 253
230 254
230 255
230 258
230 261
230 264
230 265
230 271
230 276
230 285
230 290
230 291
230 294
230 299
231 234
231 239
231 241
231 243
231 244
231 246
231 247
231 249
231 250
231 251
231 261
231 262
231 264
231 266
231 268
231 269
231 273
231 274
231 278
231 281
231 284
231 290
231 291
231 295
232 234
232 238
232 239
232 245
232 246
232 249
232 251
232 254
232 267
232 268
232 269
232 274
232 280
232 281
232 285
232 294
232 295
232 296
232 297
232 299
233 235
233 236
233 237
233 239
233 240
233 243
233 244
233 249
233 256
233 265
233 266
233 269
233 274
233 287
233 293
233 295
233 296
233 298
233 299
234 235
234 237
234 240
234 245
234 249
234 251
234 253
234 255
234 258
234 259
234 262
234 264
234 267
234 268
234 271
234 274
234 282
234 284
234 285
234 290
234 293
234 297
234 299
235 241
235 245
235 246
235 248
235 258
235 261
235 263
235 267
235 268
235 270
235 273
235 278
235 279
235 288
235 293
235 296
235 297
235 299
236 246
236 251
236 252
236 255
236 259
236 261
236 264
236 267
236 268
236 270
236 271
236 273
236 279
236 280
236 282
236 283
236 286
236 288
236 292
237 242
237 243
237 245
237 249
237 250
237 253
237 255
237 262
237 269
237 270
237 274
237 276
237 277
237 282
237 286
237 290
237 291
237 292
237 293
237 298
237 299
238 241
238 245
238 246
238 248
238 249
238 250
238 254
238 255
238 259
238 261
238 262
238 263
238 264
238 265
238 268
238 273
238 279
238 286
238 289
238 293
238 295
239 243
239 244
239 246
239 247
239 249
239 252
239 263
239 264
239 267
239 268
239 273
239 275
239 276
239 278
239 279
239 281
239 285
239 286
239 288
239 292
239 295
240 254
240 255
240 258
240 260
240 262
240 263
240 266
240 269
240 272
240 285
240 288
240 289
241 243
241 250
241 255
241 258
241 266
241 268
241 272
241 273
241 274
241 275
241 276
241 278
241 279
241 288
241 296
241 297
242 243
242 248
242 252
242 253
242 255
242 257
242 258
242 259
242 260
242 263
242 264
242 271
242 273
242 274
242 277
242 283
242 284
242 287
242 289
243 246
243 248
243 249
243 253
243 254
243 257
243 260
243 266
243 267
243 270
243 271
243 272
243 282
243 284
243 287
244 247
244 255
244 257
244 259
244 260
244 266
244 273
244 274
244 275
244 281
244 297
244 299
245 251
245 252
245 256
245 258
245 261
245 262
245 265
245 267
245 270
245 272
245 274
245 280
245 282
245 284
245 292
245 294
245 295
245 299
246 247
246 254
246 256
246 259
246 263
246 269
246 270
246 272
246 276
246 282
246 283
246 285
246 287
246 294
246 297
246 298
246 299
247 248
247 257
247 260
247 261
247 262
247 270
247 273
247 274
247 275
247 276
247 284
247 287
247 291
247 295
248 249
248 253
248 257
248 259
248 269
248 270
248 272
248 280
248 281
248 288
248 289
248 290
248 294
248 295
248 297
248 298
249 251
249 252
249 257
249 265
249 267
249 270
249 275
249 276
249 277
249 280
249 281
249 282
249 284
250 255
250 256
250 259
250 267
250 275
250 276
250 279
250 291
250 293
250 295
250 296
251 253
251 254
251 261
251 264
251 267
251 271
251 276
251 277
251 278
251 279
251 285
251 286
251 288
251 290
251 296
251 297
251 299
252 258
252 266
252 268
252 269
252 271
252 276
252 281
252 289
252 295
252 298
253 255
253 256
253 263
253 267
253 270
253 274
253 279
253 280
253 282
253 290
253 291
253 294
253 298
253 299
254 257
254 260
254 262
254 263
254 265
254 270
254 273
254 277
254 279
254 280
254 285
254 286
254 294
254 295
254 299
255 258
255 264
255 265
255 272
255 274
255 276
255 282
255 288
255 293
255 294
256 258
256 267
256 276
256 284
256 285
256 287
256 290
256 292
256 296
256 298
257 263
257 266
257 267
257 269
257 272
257 276
257 278
257 280
257 281
257 288
257 291
258 259
258 261
258 267
258 271
258 272
258 273
258 278
258 281
258 286
258 288
258 292
258 293
258 294
258 295
258 296
258 297
258 298
259 261
259 267
259 268
259 272
259 276
259 284
259 293
259 296
260 262
260 263
260 266
260 273
260 275
260 276
260 279
260 284
260 285
260 291
260 295
260 296
261 262
261 263
261 265
261 266
261 267
261 286
261 296
262 263
262 268
262 269
262 272
262 274
262 276
262 279
262 282
262 283
262 284
262 287
262 291
262 292
262 294
262 296
263 264
263 267
263 271
263 273
263 277
263 278
263 282
263 288
263 294
263 295
264 265
264 266
264 275
264 279
264 292
264 293
264 297
264 298
265 266
265 274
265 286
265 290
265 291
265 295
266 268
266 269
266 270
266 273
266 283
266 284
266 286
266 292
266 293
266 297
267 293
267 295
268 271
268 274
268 276
268 281
268 282
268 285
268 289
268 291
268 292
268 295
269 276
269 283
269 284
269 285
269 287
269 289
269 294
269 296
269 299
270 275
270 276
270 277
270 282
270 284
270 296
271 273
271 274
271 276
271 277
271 279
271 280
271 282
271 283
271 291
271 299
272 273
272 278
272 280
272 283
272 287
272 290
272 291
272 292
273 283
273 289
273 293
273 297
274 280
274 282
274 283
274 285
274 292
275 277
275 280
275 284
275 293
275 295
275 296
276 280
276 281
276 283
276 289
276 290
276 291
276 294
276 298
277 279
277 288
277 290
277 295
278 284
278 286
278 289
278 292
279 281
279 286
279 287
279 291
279 296
280 283
280 289
280 290
280 291
280 296
280 299
281 284
281 285
281 287
281 294
281 296
281 298
281 299
282 283
282 285
282 294
283 284
283 293
283 294
283 296
284 285
284 290
284 296
285 287
285 297
285 298
286 288
286 289
286 291
286 294
286 299
287 292
287 295
287 296
287 297
288 293
288 299
289 290
289 291
290 294
290 297
290 298
291 292
291 298
292 293
292 295
292 296
292 297
293 294
294 299
295 297
295 298
295 299
296 298
297 298
298 299
