0 4
0 5
0 6
0 7
0 8
0 9
0 17
0 20
0 21
0 22
0 24
0 27
0 31
0 32
0 33
0 34
0 38
0 47
0 54
0 55
0 56
0 57
0 63
0 64
0 68
0 70
0 72
0 73
0 77
0 79
0 80
0 81
0 84
0 87
0 89
0 90
0 96
0 97
1 3
1 4
1 7
1 11
1 14
1 17
1 20
1 21
1 23
1 25
1 26
1 33
1 43
1 46
1 49
1 50
1 51
1 52
1 53
1 58
1 68
1 70
1 71
1 72
1 76
1 81
1 82
1 83
1 84
1 88
1 89
2 3
2 4
2 8
2 9
2 10
2 12
2 13
2 16
2 19
2 27
2 29
2 35
2 39
2 41
2 42
2 47
2 48
2 55
2 58
2 59
2 60
2 63
2 77
2 80
2 81
2 82
2 83
2 86
2 89
2 90
2 91
2 94
2 95
2 96
3 5
3 10
3 11
3 18
3 25
3 29
3 30
3 31
3 35
3 42
3 50
3 51
3 52
3 55
3 62
3 63
3 69
3 72
3 73
3 79
3 80
3 84
3 85
3 88
3 93
3 97
4 5
4 8
4 10
4 13
4 15
4 17
4 22
4 23
4 25
4 26
4 27
4 28
4 30
4 33
4 35
4 37
4 38
4 43
4 48
4 49
4 57
4 59
4 63
4 64
4 65
4 78
4 83
4 84
4 87
4 88
4 91
4 95
4 96
4 97
5 6
5 7
5 9
5 13
5 14
5 17
5 18
5 19
5 20
5 21
5 23
5 24
5 28
5 29
5 38
5 40
5 41
5 42
5 56
5 63
5 67
5 70
5 71
5 72
5 73
5 89
5 90
5 94
5 98
6 7
6 14
6 16
6 21
6 26
6 28
6 31
6 32
6 34
6 43
6 48
6 50
6 51
6 55
6 57
6 61
6 62
6 63
6 64
6 66
6 71
6 74
6 76
6 83
6 88
6 97
7 11
7 14
7 15
7 16
7 21
7 22
7 23
7 31
7 37
7 39
7 40
7 41
7 47
7 50
7 55
7 56
7 58
7 60
7 63
7 73
7 75
7 78
7 83
7 85
7 91
7 92
7 93
7 97
7 98
7 99
8 14
8 17
8 18
8 20
8 22
8 27
8 36
8 37
8 38
8 42
8 43
8 46
8 56
8 59
8 66
8 67
8 78
8 85
8 86
8 88
8 92
8 94
8 95
8 99
9 13
9 17
9 18
9 19
9 21
9 23
9 25
9 27
9 28
9 30
9 31
9 33
9 35
9 39
9 41
9 46
9 47
9 51
9 53
9 56
9 65
9 73
9 75
9 76
9 78
9 82
9 85
9 86
9 89
9 94
10 11
10 12
10 14
10 15
10 27
10 28
10 29
10 30
10 31
10 40
10 45
10 50
10 51
10 55
10 56
10 59
10 61
10 62
10 66
10 67
10 71
10 74
10 75
10 77
10 78
10 79
10 87
10 94
11 14
11 16
11 21
11 29
11 32
11 33
11 35
11 37
11 39
11 47
11 48
11 50
11 60
11 67
11 70
11 75
11 76
11 78
11 79
11 91
11 92
11 96
11 99
12 14
12 15
12 18
12 20
12 21
12 24
12 25
12 26
12 27
12 29
12 36
12 38
12 45
12 48
12 54
12 57
12 58
12 61
12 67
12 69
12 70
12 71
12 73
12 74
12 76
12 84
12 85
12 86
12 92
12 94
12 96
12 97
13 14
13 16
13 17
13 18
13 22
13 26
13 27
13 31
13 33
13 34
13 38
13 39
13 48
13 50
13 51
13 58
13 59
13 65
13 67
13 72
13 74
13 75
13 78
13 82
13 86
13 89
13 90
13 94
13 97
13 98
14 15
14 16
14 21
14 23
14 26
14 31
14 32
14 33
14 37
14 40
14 42
14 44
14 50
14 56
14 58
14 59
14 62
14 68
14 72
14 76
14 78
14 80
14 83
14 84
14 85
14 86
14 88
14 93
14 98
14 99
15 20
15 24
15 25
15 32
15 39
15 40
15 45
15 46
15 51
15 55
15 56
15 57
15 58
15 65
15 66
15 67
15 72
15 73
15 74
15 75
15 81
15 84
15 91
15 92
15 95
15 97
16 19
16 20
16 23
16 25
16 27
16 28
16 36
16 37
16 39
16 45
16 47
16 52
16 55
16 57
16 58
16 65
16 76
16 83
16 84
16 86
16 87
16 90
16 95
16 96
17 19
17 20
17 25
17 28
17 29
17 30
17 33
17 35
17 37
17 42
17 45
17 52
17 57
17 60
17 61
17 65
17 66
17 68
17 71
17 74
17 76
17 77
17 85
17 86
17 87
17 88
17 90
17 99
18 22
18 24
18 26
18 31
18 32
18 36
18 37
18 39
18 40
18 41
18 42
18 49
18 50
18 65
18 70
18 76
18 84
18 94
19 21
19 22
19 26
19 29
19 31
19 37
19 38
19 40
19 46
19 48
19 49
19 51
19 53
19 55
19 58
19 66
19 76
19 83
19 85
19 86
19 87
19 97
20 21
20 25
20 26
20 32
20 33
20 35
20 53
20 54
20 55
20 60
20 61
20 63
20 66
20 69
20 71
20 72
20 75
20 77
20 80
20 81
20 82
20 83
20 84
20 87
20 89
20 93
20 96
20 97
20 98
20 99
21 24
21 31
21 33
21 36
21 38
21 43
21 45
21 48
21 54
21 59
21 63
21 66
21 74
21 75
21 76
21 83
21 87
21 92
21 94
22 24
22 29
22 31
22 37
22 38
22 41
22 47
22 48
22 49
22 50
22 51
22 52
22 57
22 58
22 60
22 61
22 62
22 63
22 65
22 66
22 74
22 77
22 78
22 80
22 81
22 83
22 87
22 88
22 89
22 90
22 91
22 95
22 99
23 24
23 28
23 30
23 33
23 35
23 38
23 41
23 51
23 53
23 59
23 60
23 67
23 70
23 76
23 77
23 78
23 80
23 87
23 88
23 95
23 98
24 32
24 40
24 44
24 47
24 48
24 49
24 52
24 59
24 66
24 67
24 68
24 70
24 75
24 77
24 83
24 89
24 90
25 29
25 38
25 39
25 40
25 48
25 53
25 54
25 55
25 56
25 63
25 67
25 69
25 71
25 72
25 77
25 78
25 79
25 87
25 95
25 97
26 27
26 28
26 32
26 34
26 39
26 42
26 44
26 46
26 51
26 53
26 58
26 60
26 63
26 64
26 70
26 77
26 81
26 82
26 90
26 91
26 97
27 30
27 31
27 34
27 35
27 36
27 37
27 39
27 41
27 42
27 43
27 46
27 51
27 59
27 60
27 62
27 63
27 64
27 67
27 69
27 71
27 75
27 77
27 79
27 84
27 89
27 94
27 97
28 29
28 31
28 33
28 34
28 35
28 36
28 39
28 41
28 44
28 45
28 48
28 49
28 56
28 57
28 59
28 60
28 62
28 68
28 72
28 73
28 77
28 88
28 90
28 91
28 92
28 94
28 96
28 99
29 31
29 32
29 36
29 37
29 39
29 41
29 44
29 45
29 47
29 51
29 53
29 54
29 55
29 59
29 61
29 63
29 64
29 70
29 71
29 72
29 75
29 76
29 88
29 97
30 34
30 35
30 42
30 45
30 46
30 47
30 49
30 50
30 53
30 56
30 61
30 65
30 68
30 69
30 70
30 74
30 76
30 79
30 81
30 88
30 89
30 90
30 98
31 33
31 36
31 37
31 38
31 39
31 42
31 47
31 51
31 52
31 54
31 55
31 56
31 57
31 58
31 59
31 60
31 61
31 65
31 66
31 68
31 69
31 70
31 72
31 73
31 77
31 81
31 82
31 83
31 91
31 94
31 95
31 98
31 99
32 36
32 40
32 41
32 42
32 43
32 44
32 49
32 50
32 51
32 57
32 58
32 59
32 63
32 68
32 69
32 70
32 73
32 74
32 81
32 82
32 84
32 92
32 93
32 96
32 98
33 35
33 45
33 49
33 50
33 52
33 53
33 57
33 60
33 63
33 64
33 65
33 67
33 69
33 78
33 90
33 92
33 93
33 94
33 96
34 41
34 43
34 46
34 49
34 51
34 55
34 57
34 58
34 62
34 66
34 68
34 70
34 77
34 81
34 82
34 86
34 95
34 97
34 98
35 36
35 38
35 40
35 41
35 44
35 47
35 49
35 60
35 61
35 65
35 70
35 71
35 74
35 75
35 76
35 78
35 85
35 87
35 88
35 92
35 95
35 97
35 98
36 37
36 40
36 42
36 46
36 48
36 52
36 53
36 57
36 59
36 60
36 70
36 73
36 75
36 77
36 79
36 83
36 86
37 40
37 41
37 45
37 46
37 48
37 51
37 52
37 53
37 55
37 56
37 59
37 63
37 65
37 68
37 69
37 75
37 77
37 78
37 81
37 84
37 90
37 94
37 99
38 52
38 56
38 57
38 62
38 65
38 70
38 71
38 73
38 77
38 79
38 81
38 86
38 99
39 42
39 43
39 46
39 47
39 49
39 52
39 55
39 57
39 64
39 65
39 72
39 76
39 79
39 82
39 83
39 86
39 88
39 91
39 94
39 98
39 99
40 41
40 47
40 50
40 52
40 54
40 57
40 58
40 64
40 65
40 73
40 81
40 95
40 99
41 48
41 50
41 52
41 59
41 62
41 66
41 67
41 70
41 79
41 80
41 81
41 87
41 95
41 97
41 99
42 46
42 49
42 57
42 59
42 60
42 62
42 72
42 73
42 76
42 77
42 82
42 90
42 91
42 92
42 95
43 44
43 49
43 50
43 53
43 54
43 55
43 56
43 58
43 61
43 62
43 64
43 67
43 68
43 73
43 74
43 77
43 81
43 82
43 84
43 85
43 93
43 95
43 96
44 50
44 51
44 57
44 61
44 62
44 63
44 64
44 65
44 67
44 71
44 77
44 80
44 81
44 86
44 90
44 96
44 99
45 47
45 48
45 51
45 56
45 57
45 58
45 62
45 64
45 71
45 81
45 87
45 88
45 91
45 92
45 96
45 97
46 52
46 53
46 54
46 58
46 59
46 63
46 64
46 65
46 66
46 68
46 74
46 79
46 83
46 88
46 91
46 94
46 96
47 51
47 52
47 53
47 55
47 57
47 66
47 68
47 74
47 75
47 77
47 78
47 79
47 82
47 84
47 88
47 90
47 95
48 51
48 52
48 53
48 58
48 60
48 62
48 63
48 64
48 67
48 68
48 70
48 72
48 75
48 76
48 78
48 81
48 82
48 83
48 85
48 86
48 87
48 89
48 94
48 98
49 50
49 60
49 67
49 75
49 76
49 81
49 82
49 90
49 92
49 95
49 96
49 99
50 58
50 59
50 69
50 70
50 83
50 84
50 87
50 93
50 98
51 52
51 55
51 56
51 65
51 67
51 68
51 71
51 72
51 74
51 76
51 80
51 87
51 92
51 95
52 53
52 56
52 60
52 63
52 75
52 76
52 78
52 80
52 83
52 85
52 89
52 91
52 92
52 95
53 56
53 57
53 58
53 63
53 66
53 71
53 74
53 75
53 76
53 77
53 83
53 91
53 95
54 63
54 64
54 65
54 71
54 76
54 78
54 82
54 86
54 92
54 95
54 97
54 98
54 99
55 56
55 58
55 65
55 66
55 68
55 70
55 71
55 72
55 73
55 75
55 77
55 82
55 86
55 87
55 90
55 93
55 94
55 96
56 60
56 61
56 62
56 70
56 72
56 75
56 76
56 78
56 79
56 83
56 86
56 87
56 89
56 90
56 91
56 98
56 99
57 60
57 64
57 67
57 73
57 81
57 86
57 95
57 97
57 98
58 64
58 65
58 68
58 69
58 71
58 72
58 74
58 76
58 82
58 88
58 89
58 91
58 92
58 97
58 98
58 99
59 62
59 63
59 64
59 68
59 71
59 78
59 79
59 85
59 92
59 95
60 63
60 65
60 71
60 73
60 75
60 77
60 79
60 85
60 87
60 89
60 90
60 93
60 95
61 62
61 68
61 70
61 73
61 74
61 75
61 80
61 86
61 89
61 93
61 94
61 95
61 99
62 64
62 65
62 66
62 71
62 78
62 81
62 82
62 83
62 85
62 90
62 93
62 94
62 97
63 68
63 74
63 75
63 79
63 83
63 87
63 90
63 91
63 98
64 67
64 70
64 71
64 80
64 87
64 90
64 91
65 66
65 72
65 83
65 87
65 91
65 93
65 98
66 69
66 74
66 77
66 80
66 84
66 85
66 87
66 90
66 92
66 93
66 95
66 98
67 68
67 69
67 70
67 74
67 76
67 77
67 82
67 85
67 86
67 97
67 98
68 74
68 78
68 85
68 88
68 90
68 94
68 95
69 72
69 75
69 76
69 78
69 79
69 80
69 82
69 83
69 90
69 91
69 96
70 76
70 80
70 82
70 83
70 89
70 95
70 96
70 99
71 72
71 73
71 75
71 79
71 82
71 90
71 92
71 93
71 99
72 73
72 75
72 76
72 81
72 84
72 89
72 90
72 93
72 99
73 79
73 82
73 85
73 88
73 90
73 91
73 95
73 97
73 99
74 80
74 82
74 83
74 84
74 87
74 90
74 94
74 96
74 98
75 79
75 82
75 83
75 88
75 92
75 93
75 98
76 77
76 79
76 88
76 93
76 94
76 95
76 96
76 98
76 99
77 82
77 83
77 85
77 87
77 95
78 79
78 81
78 82
78 87
78 92
78 98
79 80
79 81
79 95
79 96
79 99
80 83
80 85
80 86
80 87
80 89
81 83
81 87
81 98
82 84
82 86
82 88
82 91
82 96
83 89
83 93
83 94
83 95
83 97
84 85
84 90
84 91
84 93
84 98
85 86
85 87
85 89
85 91
86 88
86 91
86 93
86 95
86 97
86 98
87 88
88 93
88 98
89 90
89 93
89 97
89 99
90 94
90 96
91 92
91 93
91 95
91 99
92 98
92 99
93 99
94 96
95 96
95 98
