0 5
0 9
0 10
0 14
0 19
0 22
0 24
0 27
0 28
0 31
0 32
0 34
0 37
0 40
0 41
0 42
0 46
0 47
0 48
0 54
0 56
0 57
0 59
0 60
0 62
0 66
0 68
0 71
0 74
0 81
0 84
0 85
0 86
0 94
0 95
0 99
1 7
1 8
1 12
1 14
1 19
1 23
1 25
1 26
1 30
1 31
1 35
1 37
1 39
1 41
1 43
1 44
1 46
1 47
1 55
1 56
1 62
1 67
1 70
1 73
1 75
1 77
1 79
1 84
1 88
1 91
1 92
1 96
1 99
2 3
2 5
2 8
2 13
2 14
2 16
2 26
2 28
2 29
2 31
2 32
2 39
2 40
2 41
2 42
2 43
2 47
2 54
2 56
2 59
2 61
2 65
2 67
2 68
2 71
2 74
2 83
2 87
2 90
2 95
3 7
3 11
3 12
3 18
3 21
3 29
3 35
3 39
3 41
3 45
3 46
3 48
3 54
3 60
3 63
3 64
3 66
3 69
3 71
3 73
3 75
3 78
3 81
3 85
3 88
3 90
3 93
4 9
4 14
4 16
4 26
4 28
4 29
4 32
4 34
4 35
4 49
4 53
4 55
4 57
4 61
4 65
4 68
4 69
4 70
4 72
4 76
4 89
4 93
4 98
5 8
5 9
5 10
5 11
5 16
5 18
5 19
5 26
5 33
5 37
5 40
5 44
5 48
5 49
5 52
5 56
5 57
5 59
5 66
5 68
5 72
5 73
5 75
5 76
5 78
5 80
5 81
5 85
5 86
5 88
5 89
5 91
5 93
5 99
6 9
6 10
6 11
6 14
6 15
6 16
6 23
6 25
6 26
6 32
6 34
6 35
6 36
6 40
6 47
6 48
6 49
6 50
6 56
6 61
6 62
6 72
6 73
6 75
6 87
6 89
6 95
6 99
7 10
7 14
7 15
7 16
7 17
7 25
7 26
7 29
7 31
7 33
7 34
7 38
7 41
7 43
7 44
7 47
7 48
7 56
7 61
7 67
7 72
7 74
7 76
7 81
7 82
7 83
7 87
7 88
7 92
7 93
7 95
7 96
8 9
8 14
8 15
8 17
8 21
8 24
8 25
8 26
8 30
8 32
8 33
8 34
8 39
8 44
8 45
8 47
8 48
8 59
8 62
8 63
8 65
8 67
8 74
8 76
8 79
8 84
8 92
8 96
9 10
9 15
9 20
9 22
9 24
9 25
9 29
9 34
9 37
9 39
9 44
9 45
9 46
9 47
9 48
9 50
9 55
9 58
9 61
9 62
9 66
9 67
9 68
9 71
9 79
9 80
9 84
9 88
9 89
9 92
9 98
10 11
10 16
10 18
10 21
10 22
10 24
10 26
10 27
10 28
10 32
10 33
10 34
10 35
10 38
10 39
10 46
10 48
10 51
10 55
10 56
10 57
10 61
10 64
10 69
10 77
10 78
10 79
10 84
10 86
10 89
10 90
10 94
10 97
11 24
11 26
11 37
11 38
11 40
11 44
11 46
11 51
11 53
11 56
11 58
11 59
11 60
11 66
11 68
11 73
11 86
11 89
11 90
11 93
11 95
12 14
12 16
12 18
12 20
12 24
12 26
12 28
12 32
12 35
12 37
12 39
12 44
12 46
12 47
12 53
12 54
12 61
12 70
12 72
12 73
12 74
12 78
12 88
12 89
12 91
12 96
12 97
13 14
13 15
13 16
13 17
13 19
13 20
13 23
13 36
13 39
13 40
13 44
13 47
13 48
13 49
13 50
13 55
13 67
13 68
13 69
13 70
13 71
13 75
13 80
13 82
13 87
13 90
13 91
13 92
13 99
14 18
14 21
14 28
14 36
14 40
14 44
14 46
14 48
14 49
14 50
14 52
14 55
14 56
14 60
14 62
14 68
14 69
14 73
14 78
14 80
14 83
14 85
14 87
14 88
14 90
14 97
14 98
15 17
15 19
15 20
15 21
15 22
15 25
15 27
15 28
15 29
15 31
15 33
15 44
15 45
15 47
15 49
15 52
15 55
15 59
15 61
15 64
15 65
15 68
15 71
15 73
15 79
15 83
15 87
15 88
15 95
15 98
15 99
16 18
16 19
16 22
16 25
16 27
16 39
16 43
16 46
16 48
16 53
16 54
16 56
16 59
16 61
16 69
16 73
16 80
16 84
16 87
16 88
16 94
16 96
17 20
17 25
17 29
17 32
17 33
17 34
17 37
17 39
17 40
17 43
17 44
17 45
17 46
17 47
17 52
17 53
17 55
17 56
17 60
17 61
17 63
17 66
17 67
17 70
17 72
17 73
17 74
17 76
17 82
17 83
17 86
17 87
17 88
17 91
17 92
17 93
17 98
18 25
18 35
18 38
18 41
18 42
18 43
18 44
18 45
18 51
18 59
18 62
18 65
18 67
18 72
18 73
18 74
18 80
18 81
18 86
18 87
18 88
18 91
18 92
18 99
19 22
19 30
19 31
19 35
19 43
19 46
19 48
19 49
19 57
19 64
19 65
19 67
19 69
19 75
19 79
19 80
19 82
19 85
19 90
19 93
19 97
19 99
20 23
20 25
20 27
20 30
20 33
20 47
20 52
20 54
20 63
20 64
20 66
20 67
20 68
20 78
20 83
20 85
20 92
20 96
20 98
21 22
21 23
21 24
21 26
21 30
21 32
21 37
21 39
21 40
21 42
21 43
21 45
21 46
21 47
21 49
21 54
21 60
21 61
21 65
21 68
21 72
21 84
21 86
21 90
21 93
21 94
22 24
22 25
22 26
22 27
22 32
22 36
22 38
22 40
22 46
22 47
22 50
22 54
22 56
22 57
22 61
22 62
22 65
22 68
22 71
22 72
22 74
22 75
22 77
22 79
22 80
22 86
22 87
22 90
22 92
22 93
22 94
22 97
22 99
23 24
23 27
23 31
23 44
23 46
23 47
23 48
23 51
23 52
23 58
23 59
23 60
23 61
23 62
23 68
23 69
23 70
23 73
23 74
23 78
23 79
23 80
23 82
23 85
23 87
23 88
23 89
23 92
23 93
23 99
24 27
24 30
24 31
24 34
24 36
24 37
24 38
24 39
24 43
24 46
24 54
24 59
24 60
24 64
24 68
24 69
24 70
24 71
24 75
24 84
24 86
24 88
24 89
24 92
25 26
25 38
25 39
25 40
25 42
25 44
25 46
25 48
25 57
25 62
25 64
25 67
25 76
25 80
25 84
25 85
25 89
26 27
26 28
26 29
26 32
26 34
26 36
26 37
26 39
26 40
26 41
26 46
26 47
26 50
26 54
26 64
26 70
26 72
26 76
26 80
26 86
26 87
26 97
27 30
27 36
27 37
27 38
27 42
27 44
27 47
27 53
27 57
27 58
27 59
27 63
27 75
27 77
27 90
28 29
28 30
28 36
28 41
28 44
28 46
28 48
28 49
28 53
28 54
28 61
28 62
28 63
28 64
28 68
28 73
28 75
28 83
28 86
28 89
28 92
28 93
28 99
29 32
29 34
29 35
29 36
29 37
29 40
29 42
29 46
29 49
29 50
29 63
29 75
29 77
29 80
29 82
29 86
29 88
29 91
29 92
29 94
29 95
29 97
29 98
30 33
30 35
30 39
30 40
30 43
30 46
30 64
30 66
30 67
30 68
30 70
30 80
30 82
30 85
31 32
31 33
31 34
31 38
31 41
31 42
31 45
31 50
31 51
31 53
31 54
31 57
31 67
31 75
31 87
31 89
31 93
31 97
31 98
31 99
32 35
32 42
32 43
32 46
32 47
32 49
32 50
32 51
32 52
32 54
32 56
32 59
32 62
32 64
32 66
32 69
32 77
32 80
32 85
32 89
32 93
33 34
33 40
33 41
33 44
33 45
33 48
33 50
33 54
33 58
33 66
33 71
33 73
33 82
33 88
33 90
33 91
33 93
33 94
33 97
33 98
33 99
34 41
34 42
34 46
34 47
34 49
34 55
34 56
34 61
34 62
34 67
34 68
34 71
34 72
34 74
34 76
34 78
34 79
34 80
34 83
34 87
34 88
34 94
35 36
35 40
35 41
35 44
35 49
35 52
35 53
35 55
35 57
35 58
35 62
35 66
35 72
35 78
35 80
35 82
35 83
35 86
35 87
35 88
35 89
35 92
35 93
35 96
35 98
36 39
36 43
36 44
36 47
36 52
36 55
36 58
36 61
36 64
36 74
36 77
36 78
36 84
36 88
36 95
36 98
37 42
37 43
37 44
37 46
37 49
37 54
37 55
37 59
37 61
37 66
37 67
37 68
37 70
37 75
37 77
37 78
37 80
37 82
37 88
37 92
37 99
38 41
38 45
38 47
38 48
38 51
38 56
38 58
38 60
38 61
38 62
38 64
38 66
38 67
38 68
38 70
38 74
38 75
38 78
38 80
38 81
38 83
38 86
38 92
38 99
39 47
39 50
39 52
39 54
39 57
39 60
39 64
39 70
39 72
39 77
39 79
39 91
39 93
39 96
40 41
40 44
40 51
40 55
40 57
40 59
40 60
40 64
40 65
40 79
40 81
40 84
40 85
40 86
40 87
40 88
40 93
40 94
40 96
41 43
41 45
41 46
41 47
41 48
41 49
41 52
41 58
41 69
41 70
41 71
41 72
41 73
41 76
41 79
41 80
41 84
41 87
41 89
41 94
41 95
41 98
42 48
42 52
42 53
42 56
42 64
42 66
42 70
42 72
42 77
42 80
42 84
42 87
42 88
42 91
42 96
43 53
43 56
43 57
43 58
43 59
43 60
43 61
43 62
43 69
43 72
43 73
43 74
43 83
43 85
43 88
43 94
43 96
43 97
43 99
44 48
44 49
44 50
44 62
44 64
44 67
44 68
44 72
44 74
44 79
44 81
44 84
44 87
44 89
44 91
44 95
45 51
45 53
45 58
45 61
45 66
45 68
45 70
45 71
45 75
45 79
45 81
45 82
45 89
46 47
46 51
46 53
46 56
46 58
46 62
46 64
46 70
46 76
46 78
46 88
46 96
46 97
47 48
47 49
47 54
47 55
47 57
47 58
47 62
47 73
47 75
47 76
47 82
47 91
47 92
47 96
48 51
48 63
48 70
48 71
48 73
48 77
48 81
48 84
48 86
48 94
49 50
49 51
49 53
49 60
49 61
49 63
49 65
49 71
49 77
49 78
49 80
49 92
49 93
49 95
49 99
50 53
50 58
50 69
50 70
50 76
50 77
50 79
50 82
50 85
50 88
50 89
50 90
50 95
51 55
51 57
51 58
51 59
51 61
51 77
51 78
51 84
51 85
51 86
51 93
51 94
51 95
51 96
51 99
52 53
52 54
52 57
52 58
52 64
52 69
52 70
52 71
52 75
52 83
52 86
52 89
52 91
52 98
52 99
53 58
53 65
53 82
53 83
53 84
53 85
53 86
53 87
53 90
53 97
54 60
54 62
54 64
54 69
54 78
54 80
54 83
54 85
54 92
54 95
54 97
54 99
55 59
55 60
55 61
55 66
55 67
55 68
55 69
55 71
55 73
55 74
55 75
55 76
55 77
55 85
55 95
55 99
56 65
56 69
56 72
56 73
56 75
56 76
56 84
56 86
56 87
56 97
56 99
57 62
57 65
57 68
57 72
57 76
57 82
57 86
57 87
57 90
57 92
57 94
57 95
57 97
58 59
58 62
58 63
58 70
58 76
58 80
58 82
58 85
58 89
58 90
58 95
58 99
59 63
59 64
59 66
59 69
59 73
59 75
59 78
59 80
59 82
59 84
59 88
59 92
59 94
59 96
59 98
59 99
60 61
60 66
60 68
60 74
60 75
60 77
60 87
60 92
61 64
61 68
61 69
61 75
61 85
61 86
61 91
61 93
61 97
62 64
62 65
62 67
62 69
62 70
62 72
62 73
62 84
62 89
62 93
62 98
63 64
63 72
63 78
63 85
63 88
63 94
63 96
64 65
64 68
64 73
64 75
64 78
64 83
64 86
64 90
64 94
64 95
64 98
65 66
65 71
65 74
65 77
65 82
65 83
65 85
65 86
65 88
65 89
65 90
65 91
65 93
65 98
65 99
66 73
66 77
66 78
66 81
66 82
66 90
66 91
66 98
67 68
67 69
67 71
67 76
67 77
67 79
67 84
67 89
68 69
68 71
68 79
68 84
68 86
68 87
68 92
68 98
69 71
69 73
69 77
69 81
69 86
69 88
69 92
69 93
69 97
69 98
69 99
70 76
70 78
70 87
70 89
70 94
70 98
71 72
71 74
71 75
71 77
71 82
71 85
71 86
71 89
71 93
71 98
72 74
72 81
72 83
72 86
72 90
73 76
73 79
73 81
73 92
73 94
73 98
74 76
74 77
74 80
74 86
74 89
74 92
74 96
74 97
75 87
75 90
75 91
75 93
75 95
75 96
75 99
76 77
76 78
76 81
76 82
76 85
76 88
76 90
76 92
76 93
76 99
77 78
77 79
77 81
77 82
77 83
77 85
77 88
77 89
77 91
77 92
77 93
77 94
77 98
77 99
78 81
78 82
78 85
78 96
78 97
78 98
78 99
79 80
79 83
79 87
79 88
79 91
79 93
79 95
79 96
80 81
80 84
80 86
80 91
80 96
80 97
80 98
81 85
81 89
81 91
81 95
82 83
82 88
82 91
82 95
83 85
83 86
83 91
83 93
84 88
84 98
84 99
85 86
85 93
85 94
85 98
85 99
86 92
86 94
86 96
86 97
87 90
87 93
87 94
88 89
88 92
88 94
88 95
88 98
89 90
89 91
89 93
89 95
90 91
90 92
90 93
90 99
91 92
91 94
91 95
91 98
92 94
92 96
93 98
94 95
94 98
95 96
95 98
96 97
96 98
98 99
